1600, 1600, 831, BoneMaskHigh_simpleSRG1, 2127360000, 140621268
600, 700, 834, Head of mouse_simpleSRG1, 350280000, 159090055
752, 465, 1418, Maus mit Draht_simpleSRG1, 495846240, 5138538
290, 211, 429, Skeleton_simpleSRG1, 26250510, 206976
600, 700, 834, Skull of mouse_simpleSRG1, 350280000, 13624866
1600, 1600, 831, BoneMaskHigh_simpleSRG1, 2127360000, 140621268
600, 700, 834, Head of mouse_simpleSRG1, 350280000, 159090055
752, 465, 1418, Maus mit Draht_simpleSRG1, 495846240, 5138538
290, 211, 429, Skeleton_simpleSRG1, 26250510, 206976
600, 700, 834, Skull of mouse_simpleSRG1, 350280000, 13624866
1000, 1000, 1000, CubeFull_simpleSRG1, 1000000000, 1000000000
1000, 1000, 1000, SphereFull_simpleSRG1, 1000000000, 523591327
1000, 1000, 1000, Helix_D1_simpleSRG1, 1000000000, 2259936
1000, 1000, 1000, Helix_D2_simpleSRG1, 1000000000, 3644960
1000, 1000, 1000, Helix_D3_simpleSRG1, 1000000000, 5054992
1000, 1000, 1000, Helix_D4_simpleSRG1, 1000000000, 6478640
1000, 1000, 1000, Helix_D5_simpleSRG1, 1000000000, 7920268
1000, 1000, 1000, Helix_D6_simpleSRG1, 1000000000, 9367568
1000, 1000, 1000, Helix_D7_simpleSRG1, 1000000000, 10816680
1000, 1000, 1000, Helix_D8_simpleSRG1, 1000000000, 12284604
1000, 1000, 1000, Helix_D9_simpleSRG1, 1000000000, 13764748
1000, 1000, 1000, Helix_D10_simpleSRG1, 1000000000, 15248342
1000, 1000, 1000, Helix_D11_simpleSRG1, 1000000000, 16737876
1000, 1000, 1000, Helix_D12_simpleSRG1, 1000000000, 18230276
1000, 1000, 1000, Helix_D13_simpleSRG1, 1000000000, 19746752
1000, 1000, 1000, Helix_D14_simpleSRG1, 1000000000, 21269800
1000, 1000, 1000, Helix_D15_simpleSRG1, 1000000000, 22802254
1000, 1000, 1000, Helix_D16_simpleSRG1, 1000000000, 24328112
1000, 1000, 1000, Helix_D17_simpleSRG1, 1000000000, 25872604
1000, 1000, 1000, Helix_D18_simpleSRG1, 1000000000, 27424668
1000, 1000, 1000, Helix_D19_simpleSRG1, 1000000000, 28991572
1000, 1000, 1000, Helix_D20_simpleSRG1, 1000000000, 30569872
1000, 1000, 1000, Helix_D21_simpleSRG1, 1000000000, 32133008
1000, 1000, 1000, Helix_D22_simpleSRG1, 1000000000, 33734548
1000, 1000, 1000, Helix_D23_simpleSRG1, 1000000000, 35324868
1000, 1000, 1000, Helix_D24_simpleSRG1, 1000000000, 36918796
1000, 1000, 1000, Helix_D25_simpleSRG1, 1000000000, 38552120
1600, 1600, 831, BoneMaskHigh_simpleSRG1, 2127360000, 140621268
600, 700, 834, Head of mouse_simpleSRG1, 350280000, 159090055
752, 465, 1418, Maus mit Draht_simpleSRG1, 495846240, 5138538
290, 211, 429, Skeleton_simpleSRG1, 26250510, 206976
600, 700, 834, Skull of mouse_simpleSRG1, 350280000, 13624866
800, 800, 800, CubeFull_simpleSRG1, 512000000, 512000000
800, 800, 800, SphereFull_simpleSRG1, 512000000, 268077587
800, 800, 800, Helix_D1_simpleSRG1, 512000000, 1456634
800, 800, 800, Helix_D2_simpleSRG1, 512000000, 2346301
800, 800, 800, Helix_D3_simpleSRG1, 512000000, 3254393
800, 800, 800, Helix_D4_simpleSRG1, 512000000, 4170192
800, 800, 800, Helix_D5_simpleSRG1, 512000000, 5097182
800, 800, 800, Helix_D6_simpleSRG1, 512000000, 6031063
800, 800, 800, Helix_D7_simpleSRG1, 512000000, 6966418
800, 800, 800, Helix_D8_simpleSRG1, 512000000, 7916014
800, 800, 800, Helix_D9_simpleSRG1, 512000000, 8873787
800, 800, 800, Helix_D10_simpleSRG1, 512000000, 9836691
800, 800, 800, Helix_D11_simpleSRG1, 512000000, 10801958
800, 800, 800, Helix_D12_simpleSRG1, 512000000, 11769497
800, 800, 800, Helix_D13_simpleSRG1, 512000000, 12758661
800, 800, 800, Helix_D14_simpleSRG1, 512000000, 13753116
800, 800, 800, Helix_D15_simpleSRG1, 512000000, 14752704
800, 800, 800, Helix_D16_simpleSRG1, 512000000, 15749379
800, 800, 800, Helix_D17_simpleSRG1, 512000000, 16762583
800, 800, 800, Helix_D18_simpleSRG1, 512000000, 17777106
800, 800, 800, Helix_D19_simpleSRG1, 512000000, 18807397
800, 800, 800, Helix_D20_simpleSRG1, 512000000, 19842073
800, 800, 800, Helix_D21_simpleSRG1, 512000000, 20869312
800, 800, 800, Helix_D22_simpleSRG1, 512000000, 21925720
800, 800, 800, Helix_D23_simpleSRG1, 512000000, 22972367
800, 800, 800, Helix_D24_simpleSRG1, 512000000, 24022674
800, 800, 800, Helix_D25_simpleSRG1, 512000000, 25101287
1600, 1600, 831, BoneMaskHigh_simpleSRG1, 2127360000, 140621268
600, 700, 834, Head of mouse_simpleSRG1, 350280000, 159090055
752, 465, 1418, Maus mit Draht_simpleSRG1, 495846240, 5138538
290, 211, 429, Skeleton_simpleSRG1, 26250510, 206976
600, 700, 834, Skull of mouse_simpleSRG1, 350280000, 13624866
200, 200, 200, CubeFull_simpleSRG1, 8000000, 8000000
200, 200, 200, SphereFull_simpleSRG1, 8000000, 4187707
200, 200, 200, Helix_D1_simpleSRG1, 8000000, 90152
200, 200, 200, Helix_D2_simpleSRG1, 8000000, 146140
200, 200, 200, Helix_D3_simpleSRG1, 8000000, 204696
200, 200, 200, Helix_D4_simpleSRG1, 8000000, 264552
200, 200, 200, Helix_D5_simpleSRG1, 8000000, 327148
200, 200, 200, Helix_D6_simpleSRG1, 8000000, 390644
200, 200, 200, Helix_D7_simpleSRG1, 8000000, 454676
200, 200, 200, Helix_D8_simpleSRG1, 8000000, 521988
200, 200, 200, Helix_D9_simpleSRG1, 8000000, 591484
200, 200, 200, Helix_D10_simpleSRG1, 8000000, 662414
200, 200, 200, Helix_D11_simpleSRG1, 8000000, 733328
200, 200, 200, Helix_D12_simpleSRG1, 8000000, 804580
200, 200, 200, Helix_D13_simpleSRG1, 8000000, 880872
200, 200, 200, Helix_D14_simpleSRG1, 8000000, 958184
200, 200, 200, Helix_D15_simpleSRG1, 8000000, 1036710
200, 200, 200, Helix_D16_simpleSRG1, 8000000, 1114280
200, 200, 200, Helix_D17_simpleSRG1, 8000000, 1195432
200, 200, 200, Helix_D18_simpleSRG1, 8000000, 1277032
200, 200, 200, Helix_D19_simpleSRG1, 8000000, 1361768
200, 200, 200, Helix_D20_simpleSRG1, 8000000, 1447868
200, 200, 200, Helix_D21_simpleSRG1, 8000000, 1531352
200, 200, 200, Helix_D22_simpleSRG1, 8000000, 1621516
200, 200, 200, Helix_D23_simpleSRG1, 8000000, 1708848
200, 200, 200, Helix_D24_simpleSRG1, 8000000, 1796916
200, 200, 200, Helix_D25_simpleSRG1, 8000000, 1891582
200, 200, 200, CubeFull_simpleSRG1, 8000000, 8000000
200, 200, 200, SphereFull_simpleSRG1, 8000000, 4187707
200, 200, 200, Helix_D1_simpleSRG1, 8000000, 90152
200, 200, 200, Helix_D2_simpleSRG1, 8000000, 146140
200, 200, 200, Helix_D3_simpleSRG1, 8000000, 204696
200, 200, 200, Helix_D4_simpleSRG1, 8000000, 264552
200, 200, 200, Helix_D5_simpleSRG1, 8000000, 327148
200, 200, 200, Helix_D6_simpleSRG1, 8000000, 390644
200, 200, 200, Helix_D7_simpleSRG1, 8000000, 454676
200, 200, 200, Helix_D8_simpleSRG1, 8000000, 521988
200, 200, 200, Helix_D9_simpleSRG1, 8000000, 591484
200, 200, 200, Helix_D10_simpleSRG1, 8000000, 662414
200, 200, 200, Helix_D11_simpleSRG1, 8000000, 733328
200, 200, 200, Helix_D12_simpleSRG1, 8000000, 804580
200, 200, 200, Helix_D13_simpleSRG1, 8000000, 880872
200, 200, 200, Helix_D14_simpleSRG1, 8000000, 958184
200, 200, 200, Helix_D15_simpleSRG1, 8000000, 1036710
200, 200, 200, Helix_D16_simpleSRG1, 8000000, 1114280
200, 200, 200, Helix_D17_simpleSRG1, 8000000, 1195432
200, 200, 200, Helix_D18_simpleSRG1, 8000000, 1277032
200, 200, 200, Helix_D19_simpleSRG1, 8000000, 1361768
200, 200, 200, Helix_D20_simpleSRG1, 8000000, 1447868
200, 200, 200, Helix_D21_simpleSRG1, 8000000, 1531352
200, 200, 200, Helix_D22_simpleSRG1, 8000000, 1621516
200, 200, 200, Helix_D23_simpleSRG1, 8000000, 1708848
200, 200, 200, Helix_D24_simpleSRG1, 8000000, 1796916
200, 200, 200, Helix_D25_simpleSRG1, 8000000, 1891582
200, 200, 200, CubeFull_simpleSRG1, 8000000, 8000000
200, 200, 200, SphereFull_simpleSRG1, 8000000, 4187707
200, 200, 200, Helix_D1_simpleSRG1, 8000000, 90152
200, 200, 200, Helix_D2_simpleSRG1, 8000000, 146140
200, 200, 200, Helix_D3_simpleSRG1, 8000000, 204696
200, 200, 200, Helix_D4_simpleSRG1, 8000000, 264552
200, 200, 200, Helix_D5_simpleSRG1, 8000000, 327148
200, 200, 200, Helix_D6_simpleSRG1, 8000000, 390644
200, 200, 200, Helix_D7_simpleSRG1, 8000000, 454676
200, 200, 200, Helix_D8_simpleSRG1, 8000000, 521988
200, 200, 200, Helix_D9_simpleSRG1, 8000000, 591484
200, 200, 200, Helix_D10_simpleSRG1, 8000000, 662414
200, 200, 200, Helix_D11_simpleSRG1, 8000000, 733328
200, 200, 200, Helix_D12_simpleSRG1, 8000000, 804580
200, 200, 200, Helix_D13_simpleSRG1, 8000000, 880872
200, 200, 200, Helix_D14_simpleSRG1, 8000000, 958184
200, 200, 200, Helix_D15_simpleSRG1, 8000000, 1036710
200, 200, 200, Helix_D16_simpleSRG1, 8000000, 1114280
200, 200, 200, Helix_D17_simpleSRG1, 8000000, 1195432
200, 200, 200, Helix_D18_simpleSRG1, 8000000, 1277032
200, 200, 200, Helix_D19_simpleSRG1, 8000000, 1361768
200, 200, 200, Helix_D20_simpleSRG1, 8000000, 1447868
200, 200, 200, Helix_D21_simpleSRG1, 8000000, 1531352
200, 200, 200, Helix_D22_simpleSRG1, 8000000, 1621516
200, 200, 200, Helix_D23_simpleSRG1, 8000000, 1708848
200, 200, 200, Helix_D24_simpleSRG1, 8000000, 1796916
200, 200, 200, Helix_D25_simpleSRG1, 8000000, 1891582
200, 200, 200, CubeFull_simpleSRG1, 8000000, 8000000
200, 200, 200, SphereFull_simpleSRG1, 8000000, 4187707
200, 200, 200, Helix_D1_simpleSRG1, 8000000, 90152
200, 200, 200, Helix_D2_simpleSRG1, 8000000, 146140
200, 200, 200, Helix_D3_simpleSRG1, 8000000, 204696
200, 200, 200, Helix_D4_simpleSRG1, 8000000, 264552
200, 200, 200, Helix_D5_simpleSRG1, 8000000, 327148
200, 200, 200, Helix_D6_simpleSRG1, 8000000, 390644
200, 200, 200, Helix_D7_simpleSRG1, 8000000, 454676
200, 200, 200, Helix_D8_simpleSRG1, 8000000, 521988
200, 200, 200, Helix_D9_simpleSRG1, 8000000, 591484
200, 200, 200, Helix_D10_simpleSRG1, 8000000, 662414
200, 200, 200, Helix_D11_simpleSRG1, 8000000, 733328
200, 200, 200, Helix_D12_simpleSRG1, 8000000, 804580
200, 200, 200, Helix_D13_simpleSRG1, 8000000, 880872
200, 200, 200, Helix_D14_simpleSRG1, 8000000, 958184
200, 200, 200, Helix_D15_simpleSRG1, 8000000, 1036710
200, 200, 200, Helix_D16_simpleSRG1, 8000000, 1114280
200, 200, 200, Helix_D17_simpleSRG1, 8000000, 1195432
200, 200, 200, Helix_D18_simpleSRG1, 8000000, 1277032
200, 200, 200, Helix_D19_simpleSRG1, 8000000, 1361768
200, 200, 200, Helix_D20_simpleSRG1, 8000000, 1447868
200, 200, 200, Helix_D21_simpleSRG1, 8000000, 1531352
200, 200, 200, Helix_D22_simpleSRG1, 8000000, 1621516
200, 200, 200, Helix_D23_simpleSRG1, 8000000, 1708848
200, 200, 200, Helix_D24_simpleSRG1, 8000000, 1796916
200, 200, 200, Helix_D25_simpleSRG1, 8000000, 1891582
200, 200, 200, CubeFull_simpleSRG1, 8000000, 8000000
200, 200, 200, SphereFull_simpleSRG1, 8000000, 4187707
200, 200, 200, Helix_D1_simpleSRG1, 8000000, 90152
200, 200, 200, Helix_D2_simpleSRG1, 8000000, 146140
200, 200, 200, Helix_D3_simpleSRG1, 8000000, 204696
200, 200, 200, Helix_D4_simpleSRG1, 8000000, 264552
200, 200, 200, Helix_D5_simpleSRG1, 8000000, 327148
200, 200, 200, Helix_D6_simpleSRG1, 8000000, 390644
200, 200, 200, Helix_D7_simpleSRG1, 8000000, 454676
200, 200, 200, Helix_D8_simpleSRG1, 8000000, 521988
200, 200, 200, Helix_D9_simpleSRG1, 8000000, 591484
200, 200, 200, Helix_D10_simpleSRG1, 8000000, 662414
200, 200, 200, Helix_D11_simpleSRG1, 8000000, 733328
200, 200, 200, Helix_D12_simpleSRG1, 8000000, 804580
200, 200, 200, Helix_D13_simpleSRG1, 8000000, 880872
200, 200, 200, Helix_D14_simpleSRG1, 8000000, 958184
200, 200, 200, Helix_D15_simpleSRG1, 8000000, 1036710
200, 200, 200, Helix_D16_simpleSRG1, 8000000, 1114280
200, 200, 200, Helix_D17_simpleSRG1, 8000000, 1195432
200, 200, 200, Helix_D18_simpleSRG1, 8000000, 1277032
200, 200, 200, Helix_D19_simpleSRG1, 8000000, 1361768
200, 200, 200, Helix_D20_simpleSRG1, 8000000, 1447868
200, 200, 200, Helix_D21_simpleSRG1, 8000000, 1531352
200, 200, 200, Helix_D22_simpleSRG1, 8000000, 1621516
200, 200, 200, Helix_D23_simpleSRG1, 8000000, 1708848
200, 200, 200, Helix_D24_simpleSRG1, 8000000, 1796916
200, 200, 200, Helix_D25_simpleSRG1, 8000000, 1891582
1600, 1600, 831, BoneMaskHigh_simpleSRG1, 2127360000, 140621268
600, 700, 834, Head of mouse_simpleSRG1, 350280000, 159090055
752, 465, 1418, Maus mit Draht_simpleSRG1, 495846240, 5138538
290, 211, 429, Skeleton_simpleSRG1, 26250510, 206976
600, 700, 834, Skull of mouse_simpleSRG1, 350280000, 13624866
1600, 1600, 831, BoneMaskHigh_simpleSRG1, 2127360000, 140621268
600, 700, 834, Head of mouse_simpleSRG1, 350280000, 159090055
752, 465, 1418, Maus mit Draht_simpleSRG1, 495846240, 5138538
290, 211, 429, Skeleton_simpleSRG1, 26250510, 206976
600, 700, 834, Skull of mouse_simpleSRG1, 350280000, 13624866
800, 800, 800, CubeFull_simpleSRG1, 512000000, 512000000
800, 800, 800, SphereFull_simpleSRG1, 512000000, 268077587
800, 800, 800, Helix_D1_simpleSRG1, 512000000, 1456634
800, 800, 800, Helix_D2_simpleSRG1, 512000000, 2346301
800, 800, 800, Helix_D3_simpleSRG1, 512000000, 3254393
800, 800, 800, Helix_D4_simpleSRG1, 512000000, 4170192
800, 800, 800, Helix_D5_simpleSRG1, 512000000, 5097182
800, 800, 800, Helix_D6_simpleSRG1, 512000000, 6031063
800, 800, 800, Helix_D7_simpleSRG1, 512000000, 6966418
800, 800, 800, Helix_D8_simpleSRG1, 512000000, 7916014
800, 800, 800, Helix_D9_simpleSRG1, 512000000, 8873787
800, 800, 800, Helix_D10_simpleSRG1, 512000000, 9836691
800, 800, 800, Helix_D11_simpleSRG1, 512000000, 10801958
800, 800, 800, Helix_D12_simpleSRG1, 512000000, 11769497
800, 800, 800, Helix_D13_simpleSRG1, 512000000, 12758661
800, 800, 800, Helix_D14_simpleSRG1, 512000000, 13753116
800, 800, 800, Helix_D15_simpleSRG1, 512000000, 14752704
800, 800, 800, Helix_D16_simpleSRG1, 512000000, 15749379
800, 800, 800, Helix_D17_simpleSRG1, 512000000, 16762583
800, 800, 800, Helix_D18_simpleSRG1, 512000000, 17777106
800, 800, 800, Helix_D19_simpleSRG1, 512000000, 18807397
800, 800, 800, Helix_D20_simpleSRG1, 512000000, 19842073
800, 800, 800, Helix_D21_simpleSRG1, 512000000, 20869312
800, 800, 800, Helix_D22_simpleSRG1, 512000000, 21925720
800, 800, 800, Helix_D23_simpleSRG1, 512000000, 22972367
800, 800, 800, Helix_D24_simpleSRG1, 512000000, 24022674
800, 800, 800, Helix_D25_simpleSRG1, 512000000, 25101287
1600, 1600, 831, BoneMaskHigh_simpleSRG1, 2127360000, 140621268
600, 700, 834, Head of mouse_simpleSRG1, 350280000, 159090055
752, 465, 1418, Maus mit Draht_simpleSRG1, 495846240, 5138538
290, 211, 429, Skeleton_simpleSRG1, 26250510, 206976
600, 700, 834, Skull of mouse_simpleSRG1, 350280000, 13624866
200, 200, 200, CubeFull_simpleSRG1, 8000000, 8000000
200, 200, 200, SphereFull_simpleSRG1, 8000000, 4187707
200, 200, 200, Helix_D1_simpleSRG1, 8000000, 90152
200, 200, 200, Helix_D2_simpleSRG1, 8000000, 146140
200, 200, 200, Helix_D3_simpleSRG1, 8000000, 204696
200, 200, 200, Helix_D4_simpleSRG1, 8000000, 264552
200, 200, 200, Helix_D5_simpleSRG1, 8000000, 327148
200, 200, 200, Helix_D6_simpleSRG1, 8000000, 390644
200, 200, 200, Helix_D7_simpleSRG1, 8000000, 454676
200, 200, 200, Helix_D8_simpleSRG1, 8000000, 521988
200, 200, 200, Helix_D9_simpleSRG1, 8000000, 591484
200, 200, 200, Helix_D10_simpleSRG1, 8000000, 662414
200, 200, 200, Helix_D11_simpleSRG1, 8000000, 733328
200, 200, 200, Helix_D12_simpleSRG1, 8000000, 804580
200, 200, 200, Helix_D13_simpleSRG1, 8000000, 880872
200, 200, 200, Helix_D14_simpleSRG1, 8000000, 958184
200, 200, 200, Helix_D15_simpleSRG1, 8000000, 1036710
200, 200, 200, Helix_D16_simpleSRG1, 8000000, 1114280
200, 200, 200, Helix_D17_simpleSRG1, 8000000, 1195432
200, 200, 200, Helix_D18_simpleSRG1, 8000000, 1277032
200, 200, 200, Helix_D19_simpleSRG1, 8000000, 1361768
200, 200, 200, Helix_D20_simpleSRG1, 8000000, 1447868
200, 200, 200, Helix_D21_simpleSRG1, 8000000, 1531352
200, 200, 200, Helix_D22_simpleSRG1, 8000000, 1621516
200, 200, 200, Helix_D23_simpleSRG1, 8000000, 1708848
200, 200, 200, Helix_D24_simpleSRG1, 8000000, 1796916
200, 200, 200, Helix_D25_simpleSRG1, 8000000, 1891582
1600, 1600, 831, BoneMaskHigh_simpleSRG1, 2127360000, 140621268
600, 700, 834, Head of mouse_simpleSRG1, 350280000, 159090055
752, 465, 1418, Maus mit Draht_simpleSRG1, 495846240, 5138538
290, 211, 429, Skeleton_simpleSRG1, 26250510, 206976
600, 700, 834, Skull of mouse_simpleSRG1, 350280000, 13624866
200, 200, 200, CubeFull_simpleSRG1, 8000000, 8000000
200, 200, 200, SphereFull_simpleSRG1, 8000000, 4187707
200, 200, 200, Helix_D1_simpleSRG1, 8000000, 71452
200, 200, 200, Helix_D2_simpleSRG1, 8000000, 126340
200, 200, 200, Helix_D3_simpleSRG1, 8000000, 183251
200, 200, 200, Helix_D4_simpleSRG1, 8000000, 243174
200, 200, 200, Helix_D5_simpleSRG1, 8000000, 299624
200, 200, 200, Helix_D6_simpleSRG1, 8000000, 358196
200, 200, 200, Helix_D7_simpleSRG1, 8000000, 421878
200, 200, 200, Helix_D8_simpleSRG1, 8000000, 487660
200, 200, 200, Helix_D9_simpleSRG1, 8000000, 567627
200, 200, 200, Helix_D10_simpleSRG1, 8000000, 637594
200, 200, 200, Helix_D11_simpleSRG1, 8000000, 707968
200, 200, 200, Helix_D12_simpleSRG1, 8000000, 778896
200, 200, 200, Helix_D13_simpleSRG1, 8000000, 854526
200, 200, 200, Helix_D14_simpleSRG1, 8000000, 930554
200, 200, 200, Helix_D15_simpleSRG1, 8000000, 1008248
200, 200, 200, Helix_D16_simpleSRG1, 8000000, 1085314
200, 200, 200, Helix_D17_simpleSRG1, 8000000, 1163439
200, 200, 200, Helix_D18_simpleSRG1, 8000000, 1245382
200, 200, 200, Helix_D19_simpleSRG1, 8000000, 1330619
200, 200, 200, Helix_D20_simpleSRG1, 8000000, 1415879
200, 200, 200, Helix_D21_simpleSRG1, 8000000, 1499143
200, 200, 200, Helix_D22_simpleSRG1, 8000000, 1586516
200, 200, 200, Helix_D23_simpleSRG1, 8000000, 1673826
200, 200, 200, Helix_D24_simpleSRG1, 8000000, 1761572
200, 200, 200, Helix_D25_simpleSRG1, 8000000, 1859311
1600, 1600, 831, BoneMaskHigh_simpleSRG1, 2127360000, 140621268
600, 700, 834, Head of mouse_simpleSRG1, 350280000, 159090055
752, 465, 1418, Maus mit Draht_simpleSRG1, 495846240, 5138538
290, 211, 429, Skeleton_simpleSRG1, 26250510, 206976
600, 700, 834, Skull of mouse_simpleSRG1, 350280000, 13624866
200, 200, 200, CubeFull_simpleSRG1, 8000000, 8000000
200, 200, 200, SphereFull_simpleSRG1, 8000000, 4187707
200, 200, 200, Helix_D1_simpleSRG1, 8000000, 90552
200, 200, 200, Helix_D2_simpleSRG1, 8000000, 146548
200, 200, 200, Helix_D3_simpleSRG1, 8000000, 205112
200, 200, 200, Helix_D4_simpleSRG1, 8000000, 264976
200, 200, 200, Helix_D5_simpleSRG1, 8000000, 327580
200, 200, 200, Helix_D6_simpleSRG1, 8000000, 391084
200, 200, 200, Helix_D7_simpleSRG1, 8000000, 455124
200, 200, 200, Helix_D8_simpleSRG1, 8000000, 522444
200, 200, 200, Helix_D9_simpleSRG1, 8000000, 591948
200, 200, 200, Helix_D10_simpleSRG1, 8000000, 662886
200, 200, 200, Helix_D11_simpleSRG1, 8000000, 733808
200, 200, 200, Helix_D12_simpleSRG1, 8000000, 805068
200, 200, 200, Helix_D13_simpleSRG1, 8000000, 881568
200, 200, 200, Helix_D14_simpleSRG1, 8000000, 958708
200, 200, 200, Helix_D15_simpleSRG1, 8000000, 1037230
200, 200, 200, Helix_D16_simpleSRG1, 8000000, 1114808
200, 200, 200, Helix_D17_simpleSRG1, 8000000, 1195964
200, 200, 200, Helix_D18_simpleSRG1, 8000000, 1277572
200, 200, 200, Helix_D19_simpleSRG1, 8000000, 1362316
200, 200, 200, Helix_D20_simpleSRG1, 8000000, 1448424
200, 200, 200, Helix_D21_simpleSRG1, 8000000, 1531916
200, 200, 200, Helix_D22_simpleSRG1, 8000000, 1622088
200, 200, 200, Helix_D23_simpleSRG1, 8000000, 1709624
200, 200, 200, Helix_D24_simpleSRG1, 8000000, 1797528
200, 200, 200, Helix_D25_simpleSRG1, 8000000, 1892186
1600, 1600, 831, BoneMaskHigh_simpleSRG1, 2127360000, 140621268
600, 700, 834, Head of mouse_simpleSRG1, 350280000, 159090055
752, 465, 1418, Maus mit Draht_simpleSRG1, 495846240, 5138538
290, 211, 429, Skeleton_simpleSRG1, 26250510, 206976
600, 700, 834, Skull of mouse_simpleSRG1, 350280000, 13624866
200, 200, 200, CubeFull_simpleSRG1, 8000000, 8000000
200, 200, 200, SphereFull_simpleSRG1, 8000000, 4187707
200, 200, 200, Helix_D1_simpleSRG1, 8000000, 7601
200, 200, 200, Helix_D2_simpleSRG1, 8000000, 18178
200, 200, 200, Helix_D3_simpleSRG1, 8000000, 27353
200, 200, 200, Helix_D4_simpleSRG1, 8000000, 48545
200, 200, 200, Helix_D5_simpleSRG1, 8000000, 40276
200, 200, 200, Helix_D6_simpleSRG1, 8000000, 37187
200, 200, 200, Helix_D7_simpleSRG1, 8000000, 129782
200, 200, 200, Helix_D8_simpleSRG1, 8000000, 154820
200, 200, 200, Helix_D9_simpleSRG1, 8000000, 85599
200, 200, 200, Helix_D10_simpleSRG1, 8000000, 99772
200, 200, 200, Helix_D11_simpleSRG1, 8000000, 255340
200, 200, 200, Helix_D12_simpleSRG1, 8000000, 307324
200, 200, 200, Helix_D13_simpleSRG1, 8000000, 329149
200, 200, 200, Helix_D14_simpleSRG1, 8000000, 359089
200, 200, 200, Helix_D15_simpleSRG1, 8000000, 382193
200, 200, 200, Helix_D16_simpleSRG1, 8000000, 426290
200, 200, 200, Helix_D17_simpleSRG1, 8000000, 450461
200, 200, 200, Helix_D18_simpleSRG1, 8000000, 514488
200, 200, 200, Helix_D19_simpleSRG1, 8000000, 630731
200, 200, 200, Helix_D20_simpleSRG1, 8000000, 704443
200, 200, 200, Helix_D21_simpleSRG1, 8000000, 792493
200, 200, 200, Helix_D22_simpleSRG1, 8000000, 871402
200, 200, 200, Helix_D23_simpleSRG1, 8000000, 965635
200, 200, 200, Helix_D24_simpleSRG1, 8000000, 1042452
200, 200, 200, Helix_D25_simpleSRG1, 8000000, 1102272
1600, 1600, 831, BoneMaskHigh_simpleSRG1, 2127360000, 140621268
600, 700, 834, Head of mouse_simpleSRG1, 350280000, 159090055
752, 465, 1418, Maus mit Draht_simpleSRG1, 495846240, 5138538
290, 211, 429, Skeleton_simpleSRG1, 26250510, 206976
600, 700, 834, Skull of mouse_simpleSRG1, 350280000, 13624866
200, 200, 200, CubeFull_simpleSRG1, 8000000, 8000000
200, 200, 200, SphereFull_simpleSRG1, 8000000, 4187707
200, 200, 200, Helix_D1_simpleSRG1, 8000000, 7601
200, 200, 200, Helix_D2_simpleSRG1, 8000000, 18178
200, 200, 200, Helix_D3_simpleSRG1, 8000000, 27353
200, 200, 200, Helix_D4_simpleSRG1, 8000000, 48545
200, 200, 200, Helix_D5_simpleSRG1, 8000000, 40276
200, 200, 200, Helix_D6_simpleSRG1, 8000000, 37187
200, 200, 200, Helix_D7_simpleSRG1, 8000000, 129782
200, 200, 200, Helix_D8_simpleSRG1, 8000000, 154820
200, 200, 200, Helix_D9_simpleSRG1, 8000000, 85599
200, 200, 200, Helix_D10_simpleSRG1, 8000000, 99772
200, 200, 200, Helix_D11_simpleSRG1, 8000000, 255340
200, 200, 200, Helix_D12_simpleSRG1, 8000000, 307324
200, 200, 200, Helix_D13_simpleSRG1, 8000000, 329149
200, 200, 200, Helix_D14_simpleSRG1, 8000000, 359089
200, 200, 200, Helix_D15_simpleSRG1, 8000000, 382193
200, 200, 200, Helix_D16_simpleSRG1, 8000000, 426290
200, 200, 200, Helix_D17_simpleSRG1, 8000000, 450461
200, 200, 200, Helix_D18_simpleSRG1, 8000000, 514488
200, 200, 200, Helix_D19_simpleSRG1, 8000000, 630731
200, 200, 200, Helix_D20_simpleSRG1, 8000000, 704443
200, 200, 200, Helix_D21_simpleSRG1, 8000000, 792493
200, 200, 200, Helix_D22_simpleSRG1, 8000000, 871402
200, 200, 200, Helix_D23_simpleSRG1, 8000000, 965635
200, 200, 200, Helix_D24_simpleSRG1, 8000000, 1042452
200, 200, 200, Helix_D25_simpleSRG1, 8000000, 1102272
1600, 1600, 831, BoneMaskHigh_simpleSRG1, 2127360000, 140621268
600, 700, 834, Head of mouse_simpleSRG1, 350280000, 159090055
752, 465, 1418, Maus mit Draht_simpleSRG1, 495846240, 5138538
290, 211, 429, Skeleton_simpleSRG1, 26250510, 206976
600, 700, 834, Skull of mouse_simpleSRG1, 350280000, 13624866
200, 200, 200, CubeFull_simpleSRG1, 8000000, 8000000
200, 200, 200, SphereFull_simpleSRG1, 8000000, 4187707
200, 200, 200, Helix_D1_simpleSRG1, 8000000, 7601
200, 200, 200, Helix_D2_simpleSRG1, 8000000, 18178
200, 200, 200, Helix_D3_simpleSRG1, 8000000, 27353
200, 200, 200, Helix_D4_simpleSRG1, 8000000, 48545
200, 200, 200, Helix_D5_simpleSRG1, 8000000, 40276
200, 200, 200, Helix_D6_simpleSRG1, 8000000, 37187
200, 200, 200, Helix_D7_simpleSRG1, 8000000, 129782
200, 200, 200, Helix_D8_simpleSRG1, 8000000, 154820
200, 200, 200, Helix_D9_simpleSRG1, 8000000, 85599
200, 200, 200, Helix_D10_simpleSRG1, 8000000, 99772
200, 200, 200, Helix_D11_simpleSRG1, 8000000, 255340
200, 200, 200, Helix_D12_simpleSRG1, 8000000, 307324
200, 200, 200, Helix_D13_simpleSRG1, 8000000, 329149
200, 200, 200, Helix_D14_simpleSRG1, 8000000, 359089
200, 200, 200, Helix_D15_simpleSRG1, 8000000, 382193
200, 200, 200, Helix_D16_simpleSRG1, 8000000, 426290
200, 200, 200, Helix_D17_simpleSRG1, 8000000, 450461
200, 200, 200, Helix_D18_simpleSRG1, 8000000, 514488
200, 200, 200, Helix_D19_simpleSRG1, 8000000, 630731
200, 200, 200, Helix_D20_simpleSRG1, 8000000, 704443
200, 200, 200, Helix_D21_simpleSRG1, 8000000, 792493
200, 200, 200, Helix_D22_simpleSRG1, 8000000, 871402
200, 200, 200, Helix_D23_simpleSRG1, 8000000, 965635
200, 200, 200, Helix_D24_simpleSRG1, 8000000, 1042452
200, 200, 200, Helix_D25_simpleSRG1, 8000000, 1102272
1600, 1600, 831, BoneMaskHigh_simpleSRG1, 2127360000, 140621268
600, 700, 834, Head of mouse_simpleSRG1, 350280000, 159090055
752, 465, 1418, Maus mit Draht_simpleSRG1, 495846240, 5138538
290, 211, 429, Skeleton_simpleSRG1, 26250510, 206976
600, 700, 834, Skull of mouse_simpleSRG1, 350280000, 13624866
200, 200, 200, CubeFull_simpleSRG1, 8000000, 8000000
200, 200, 200, SphereFull_simpleSRG1, 8000000, 4187707
200, 200, 200, Helix_D1_simpleSRG1, 8000000, 7601
200, 200, 200, Helix_D2_simpleSRG1, 8000000, 18178
200, 200, 200, Helix_D3_simpleSRG1, 8000000, 27353
200, 200, 200, Helix_D4_simpleSRG1, 8000000, 48545
200, 200, 200, Helix_D5_simpleSRG1, 8000000, 40276
200, 200, 200, Helix_D6_simpleSRG1, 8000000, 37187
200, 200, 200, Helix_D7_simpleSRG1, 8000000, 129782
200, 200, 200, Helix_D8_simpleSRG1, 8000000, 154820
200, 200, 200, Helix_D9_simpleSRG1, 8000000, 85599
200, 200, 200, Helix_D10_simpleSRG1, 8000000, 99772
200, 200, 200, Helix_D11_simpleSRG1, 8000000, 255340
200, 200, 200, Helix_D12_simpleSRG1, 8000000, 307324
200, 200, 200, Helix_D13_simpleSRG1, 8000000, 329149
200, 200, 200, Helix_D14_simpleSRG1, 8000000, 359089
200, 200, 200, Helix_D15_simpleSRG1, 8000000, 382193
200, 200, 200, Helix_D16_simpleSRG1, 8000000, 426290
200, 200, 200, Helix_D17_simpleSRG1, 8000000, 450461
200, 200, 200, Helix_D18_simpleSRG1, 8000000, 514488
200, 200, 200, Helix_D19_simpleSRG1, 8000000, 630731
200, 200, 200, Helix_D20_simpleSRG1, 8000000, 704443
200, 200, 200, Helix_D21_simpleSRG1, 8000000, 792493
200, 200, 200, Helix_D22_simpleSRG1, 8000000, 871402
200, 200, 200, Helix_D23_simpleSRG1, 8000000, 965635
200, 200, 200, Helix_D24_simpleSRG1, 8000000, 1042452
200, 200, 200, Helix_D25_simpleSRG1, 8000000, 1102272
1600, 1600, 831, BoneMaskHigh_simpleSRG1, 2127360000, 140621268
600, 700, 834, Head of mouse_simpleSRG1, 350280000, 159090055
752, 465, 1418, Maus mit Draht_simpleSRG1, 495846240, 5138538
290, 211, 429, Skeleton_simpleSRG1, 26250510, 206976
600, 700, 834, Skull of mouse_simpleSRG1, 350280000, 13624866
200, 200, 200, CubeFull_simpleSRG1, 8000000, 8000000
200, 200, 200, SphereFull_simpleSRG1, 8000000, 4187707
200, 200, 200, Helix_D1_simpleSRG1, 8000000, 7601
200, 200, 200, Helix_D2_simpleSRG1, 8000000, 18178
200, 200, 200, Helix_D3_simpleSRG1, 8000000, 27353
200, 200, 200, Helix_D4_simpleSRG1, 8000000, 48545
200, 200, 200, Helix_D5_simpleSRG1, 8000000, 40276
200, 200, 200, Helix_D6_simpleSRG1, 8000000, 37187
200, 200, 200, Helix_D7_simpleSRG1, 8000000, 129782
200, 200, 200, Helix_D8_simpleSRG1, 8000000, 154820
200, 200, 200, Helix_D9_simpleSRG1, 8000000, 85599
200, 200, 200, Helix_D10_simpleSRG1, 8000000, 99772
200, 200, 200, Helix_D11_simpleSRG1, 8000000, 255340
200, 200, 200, Helix_D12_simpleSRG1, 8000000, 307324
200, 200, 200, Helix_D13_simpleSRG1, 8000000, 329149
200, 200, 200, Helix_D14_simpleSRG1, 8000000, 359089
200, 200, 200, Helix_D15_simpleSRG1, 8000000, 382193
200, 200, 200, Helix_D16_simpleSRG1, 8000000, 426290
200, 200, 200, Helix_D17_simpleSRG1, 8000000, 450461
200, 200, 200, Helix_D18_simpleSRG1, 8000000, 514488
200, 200, 200, Helix_D19_simpleSRG1, 8000000, 630731
200, 200, 200, Helix_D20_simpleSRG1, 8000000, 704443
200, 200, 200, Helix_D21_simpleSRG1, 8000000, 792493
200, 200, 200, Helix_D22_simpleSRG1, 8000000, 871402
200, 200, 200, Helix_D23_simpleSRG1, 8000000, 965635
200, 200, 200, Helix_D24_simpleSRG1, 8000000, 1042452
200, 200, 200, Helix_D25_simpleSRG1, 8000000, 1102272
1600, 1600, 831, BoneMaskHigh_simpleSRG1, 2127360000, 140621268
600, 700, 834, Head of mouse_simpleSRG1, 350280000, 159090055
752, 465, 1418, Maus mit Draht_simpleSRG1, 495846240, 5138538
290, 211, 429, Skeleton_simpleSRG1, 26250510, 206976
600, 700, 834, Skull of mouse_simpleSRG1, 350280000, 13624866
200, 200, 200, CubeFull_simpleSRG1, 8000000, 8000000
200, 200, 200, SphereFull_simpleSRG1, 8000000, 4187707
200, 200, 200, Helix_D1_simpleSRG1, 8000000, 7601
200, 200, 200, Helix_D2_simpleSRG1, 8000000, 18178
200, 200, 200, Helix_D3_simpleSRG1, 8000000, 27353
200, 200, 200, Helix_D4_simpleSRG1, 8000000, 48545
200, 200, 200, Helix_D5_simpleSRG1, 8000000, 40276
200, 200, 200, Helix_D6_simpleSRG1, 8000000, 37187
200, 200, 200, Helix_D7_simpleSRG1, 8000000, 129782
200, 200, 200, Helix_D8_simpleSRG1, 8000000, 154820
200, 200, 200, Helix_D9_simpleSRG1, 8000000, 85599
200, 200, 200, Helix_D10_simpleSRG1, 8000000, 99772
200, 200, 200, Helix_D11_simpleSRG1, 8000000, 255340
200, 200, 200, Helix_D12_simpleSRG1, 8000000, 307324
200, 200, 200, Helix_D13_simpleSRG1, 8000000, 329149
200, 200, 200, Helix_D14_simpleSRG1, 8000000, 359089
200, 200, 200, Helix_D15_simpleSRG1, 8000000, 382193
200, 200, 200, Helix_D16_simpleSRG1, 8000000, 426290
200, 200, 200, Helix_D17_simpleSRG1, 8000000, 450461
200, 200, 200, Helix_D18_simpleSRG1, 8000000, 514488
200, 200, 200, Helix_D19_simpleSRG1, 8000000, 630731
200, 200, 200, Helix_D20_simpleSRG1, 8000000, 704443
200, 200, 200, Helix_D21_simpleSRG1, 8000000, 792493
200, 200, 200, Helix_D22_simpleSRG1, 8000000, 871402
200, 200, 200, Helix_D23_simpleSRG1, 8000000, 965635
200, 200, 200, Helix_D24_simpleSRG1, 8000000, 1042452
200, 200, 200, Helix_D25_simpleSRG1, 8000000, 1102272
1600, 1600, 831, BoneMaskHigh_simpleSRG1, 2127360000, 140621268
600, 700, 834, Head of mouse_simpleSRG1, 350280000, 159090055
752, 465, 1418, Maus mit Draht_simpleSRG1, 495846240, 5138538
290, 211, 429, Skeleton_simpleSRG1, 26250510, 206976
600, 700, 834, Skull of mouse_simpleSRG1, 350280000, 13624866
200, 200, 200, CubeFull_simpleSRG1, 8000000, 8000000
200, 200, 200, SphereFull_simpleSRG1, 8000000, 4187707
200, 200, 200, Helix_D1_simpleSRG1, 8000000, 7601
200, 200, 200, Helix_D2_simpleSRG1, 8000000, 18178
200, 200, 200, Helix_D3_simpleSRG1, 8000000, 27353
200, 200, 200, Helix_D4_simpleSRG1, 8000000, 48545
200, 200, 200, Helix_D5_simpleSRG1, 8000000, 40276
200, 200, 200, Helix_D6_simpleSRG1, 8000000, 37187
200, 200, 200, Helix_D7_simpleSRG1, 8000000, 129782
200, 200, 200, Helix_D8_simpleSRG1, 8000000, 154820
200, 200, 200, Helix_D9_simpleSRG1, 8000000, 85599
200, 200, 200, Helix_D10_simpleSRG1, 8000000, 99772
200, 200, 200, Helix_D11_simpleSRG1, 8000000, 255340
200, 200, 200, Helix_D12_simpleSRG1, 8000000, 307324
200, 200, 200, Helix_D13_simpleSRG1, 8000000, 329149
200, 200, 200, Helix_D14_simpleSRG1, 8000000, 359089
200, 200, 200, Helix_D15_simpleSRG1, 8000000, 382193
200, 200, 200, Helix_D16_simpleSRG1, 8000000, 426290
200, 200, 200, Helix_D17_simpleSRG1, 8000000, 450461
200, 200, 200, Helix_D18_simpleSRG1, 8000000, 514488
200, 200, 200, Helix_D19_simpleSRG1, 8000000, 630731
200, 200, 200, Helix_D20_simpleSRG1, 8000000, 704443
200, 200, 200, Helix_D21_simpleSRG1, 8000000, 792493
200, 200, 200, Helix_D22_simpleSRG1, 8000000, 871402
200, 200, 200, Helix_D23_simpleSRG1, 8000000, 965635
200, 200, 200, Helix_D24_simpleSRG1, 8000000, 1042452
200, 200, 200, Helix_D25_simpleSRG1, 8000000, 1102272
1600, 1600, 831, BoneMaskHigh_simpleSRG1, 2127360000, 140621268
600, 700, 834, Head of mouse_simpleSRG1, 350280000, 159090055
752, 465, 1418, Maus mit Draht_simpleSRG1, 495846240, 5138538
290, 211, 429, Skeleton_simpleSRG1, 26250510, 206976
600, 700, 834, Skull of mouse_simpleSRG1, 350280000, 13624866
200, 200, 200, CubeFull_simpleSRG1, 8000000, 8000000
200, 200, 200, SphereFull_simpleSRG1, 8000000, 4187707
200, 200, 200, Helix_D1_simpleSRG1, 8000000, 7601
200, 200, 200, Helix_D2_simpleSRG1, 8000000, 18178
200, 200, 200, Helix_D3_simpleSRG1, 8000000, 27353
200, 200, 200, Helix_D4_simpleSRG1, 8000000, 48545
200, 200, 200, Helix_D5_simpleSRG1, 8000000, 40276
200, 200, 200, Helix_D6_simpleSRG1, 8000000, 37187
200, 200, 200, Helix_D7_simpleSRG1, 8000000, 129782
200, 200, 200, Helix_D8_simpleSRG1, 8000000, 154820
200, 200, 200, Helix_D9_simpleSRG1, 8000000, 85599
200, 200, 200, Helix_D10_simpleSRG1, 8000000, 99772
200, 200, 200, Helix_D11_simpleSRG1, 8000000, 255340
200, 200, 200, Helix_D12_simpleSRG1, 8000000, 307324
200, 200, 200, Helix_D13_simpleSRG1, 8000000, 329149
200, 200, 200, Helix_D14_simpleSRG1, 8000000, 359089
200, 200, 200, Helix_D15_simpleSRG1, 8000000, 382193
200, 200, 200, Helix_D16_simpleSRG1, 8000000, 426290
200, 200, 200, Helix_D17_simpleSRG1, 8000000, 450461
200, 200, 200, Helix_D18_simpleSRG1, 8000000, 514488
200, 200, 200, Helix_D19_simpleSRG1, 8000000, 630731
200, 200, 200, Helix_D20_simpleSRG1, 8000000, 704443
200, 200, 200, Helix_D21_simpleSRG1, 8000000, 792493
200, 200, 200, Helix_D22_simpleSRG1, 8000000, 871402
200, 200, 200, Helix_D23_simpleSRG1, 8000000, 965635
200, 200, 200, Helix_D24_simpleSRG1, 8000000, 1042452
200, 200, 200, Helix_D25_simpleSRG1, 8000000, 1102272
1600, 1600, 831, BoneMaskHigh_simpleSRG1, 2127360000, 140621268
600, 700, 834, Head of mouse_simpleSRG1, 350280000, 159090055
752, 465, 1418, Maus mit Draht_simpleSRG1, 495846240, 5138538
290, 211, 429, Skeleton_simpleSRG1, 26250510, 206976
600, 700, 834, Skull of mouse_simpleSRG1, 350280000, 13624866
200, 200, 200, CubeFull_simpleSRG1, 8000000, 8000000
200, 200, 200, SphereFull_simpleSRG1, 8000000, 4187707
200, 200, 200, Helix_D1_simpleSRG1, 8000000, 7601
200, 200, 200, Helix_D2_simpleSRG1, 8000000, 18178
200, 200, 200, Helix_D3_simpleSRG1, 8000000, 27353
200, 200, 200, Helix_D4_simpleSRG1, 8000000, 48545
200, 200, 200, Helix_D5_simpleSRG1, 8000000, 40276
200, 200, 200, Helix_D6_simpleSRG1, 8000000, 37187
200, 200, 200, Helix_D7_simpleSRG1, 8000000, 129782
200, 200, 200, Helix_D8_simpleSRG1, 8000000, 154820
200, 200, 200, Helix_D9_simpleSRG1, 8000000, 85599
200, 200, 200, Helix_D10_simpleSRG1, 8000000, 99772
200, 200, 200, Helix_D11_simpleSRG1, 8000000, 255340
200, 200, 200, Helix_D12_simpleSRG1, 8000000, 307324
200, 200, 200, Helix_D13_simpleSRG1, 8000000, 329149
200, 200, 200, Helix_D14_simpleSRG1, 8000000, 359089
200, 200, 200, Helix_D15_simpleSRG1, 8000000, 382193
200, 200, 200, Helix_D16_simpleSRG1, 8000000, 426290
200, 200, 200, Helix_D17_simpleSRG1, 8000000, 450461
200, 200, 200, Helix_D18_simpleSRG1, 8000000, 514488
200, 200, 200, Helix_D19_simpleSRG1, 8000000, 630731
200, 200, 200, Helix_D20_simpleSRG1, 8000000, 704443
200, 200, 200, Helix_D21_simpleSRG1, 8000000, 792493
200, 200, 200, Helix_D22_simpleSRG1, 8000000, 871402
200, 200, 200, Helix_D23_simpleSRG1, 8000000, 965635
200, 200, 200, Helix_D24_simpleSRG1, 8000000, 1042452
200, 200, 200, Helix_D25_simpleSRG1, 8000000, 1102272
1600, 1600, 831, BoneMaskHigh_simpleSRG1, 2127360000, 140621268
600, 700, 834, Head of mouse_simpleSRG1, 350280000, 159090055
752, 465, 1418, Maus mit Draht_simpleSRG1, 495846240, 5138538
290, 211, 429, Skeleton_simpleSRG1, 26250510, 206976
600, 700, 834, Skull of mouse_simpleSRG1, 350280000, 13624866
200, 200, 200, CubeFull_simpleSRG1, 8000000, 8000000
200, 200, 200, SphereFull_simpleSRG1, 8000000, 4187707
200, 200, 200, Helix_D1_simpleSRG1, 8000000, 7601
200, 200, 200, Helix_D2_simpleSRG1, 8000000, 18178
200, 200, 200, Helix_D3_simpleSRG1, 8000000, 27353
200, 200, 200, Helix_D4_simpleSRG1, 8000000, 48545
200, 200, 200, Helix_D5_simpleSRG1, 8000000, 40276
200, 200, 200, Helix_D6_simpleSRG1, 8000000, 37187
200, 200, 200, Helix_D7_simpleSRG1, 8000000, 129782
200, 200, 200, Helix_D8_simpleSRG1, 8000000, 154820
200, 200, 200, Helix_D9_simpleSRG1, 8000000, 85599
200, 200, 200, Helix_D10_simpleSRG1, 8000000, 99772
200, 200, 200, Helix_D11_simpleSRG1, 8000000, 255340
200, 200, 200, Helix_D12_simpleSRG1, 8000000, 307324
200, 200, 200, Helix_D13_simpleSRG1, 8000000, 329149
200, 200, 200, Helix_D14_simpleSRG1, 8000000, 359089
200, 200, 200, Helix_D15_simpleSRG1, 8000000, 382193
200, 200, 200, Helix_D16_simpleSRG1, 8000000, 426290
200, 200, 200, Helix_D17_simpleSRG1, 8000000, 450461
200, 200, 200, Helix_D18_simpleSRG1, 8000000, 514488
200, 200, 200, Helix_D19_simpleSRG1, 8000000, 630731
200, 200, 200, Helix_D20_simpleSRG1, 8000000, 704443
200, 200, 200, Helix_D21_simpleSRG1, 8000000, 792493
200, 200, 200, Helix_D22_simpleSRG1, 8000000, 871402
200, 200, 200, Helix_D23_simpleSRG1, 8000000, 965635
200, 200, 200, Helix_D24_simpleSRG1, 8000000, 1042452
200, 200, 200, Helix_D25_simpleSRG1, 8000000, 1102272
1600, 1600, 831, BoneMaskHigh_simpleSRG1, 2127360000, 140621268
600, 700, 834, Head of mouse_simpleSRG1, 350280000, 159090055
752, 465, 1418, Maus mit Draht_simpleSRG1, 495846240, 5138538
290, 211, 429, Skeleton_simpleSRG1, 26250510, 206976
600, 700, 834, Skull of mouse_simpleSRG1, 350280000, 13624866
1600, 1600, 831, BoneMaskHigh_simpleSRG1, 2127360000, 140621268
600, 700, 834, Head of mouse_simpleSRG1, 350280000, 159090055
752, 465, 1418, Maus mit Draht_simpleSRG1, 495846240, 5138538
290, 211, 429, Skeleton_simpleSRG1, 26250510, 206976
600, 700, 834, Skull of mouse_simpleSRG1, 350280000, 13624866
1600, 1600, 831, BoneMaskHigh_simpleSRG1, 2127360000, 140621268
600, 700, 834, Head of mouse_simpleSRG1, 350280000, 159090055
752, 465, 1418, Maus mit Draht_simpleSRG1, 495846240, 5138538
290, 211, 429, Skeleton_simpleSRG1, 26250510, 206976
600, 700, 834, Skull of mouse_simpleSRG1, 350280000, 13624866
200, 200, 200, CubeFull_simpleSRG1, 8000000, 8000000
200, 200, 200, SphereFull_simpleSRG1, 8000000, 4187707
200, 200, 200, Helix_D1_simpleSRG1, 8000000, 7601
200, 200, 200, Helix_D2_simpleSRG1, 8000000, 18178
200, 200, 200, Helix_D3_simpleSRG1, 8000000, 27353
200, 200, 200, Helix_D4_simpleSRG1, 8000000, 48545
200, 200, 200, Helix_D5_simpleSRG1, 8000000, 40276
200, 200, 200, Helix_D6_simpleSRG1, 8000000, 37187
200, 200, 200, Helix_D7_simpleSRG1, 8000000, 129782
200, 200, 200, Helix_D8_simpleSRG1, 8000000, 154820
200, 200, 200, Helix_D9_simpleSRG1, 8000000, 85599
200, 200, 200, Helix_D10_simpleSRG1, 8000000, 99772
200, 200, 200, Helix_D11_simpleSRG1, 8000000, 255340
200, 200, 200, Helix_D12_simpleSRG1, 8000000, 307324
200, 200, 200, Helix_D13_simpleSRG1, 8000000, 329149
200, 200, 200, Helix_D14_simpleSRG1, 8000000, 359089
200, 200, 200, Helix_D15_simpleSRG1, 8000000, 382193
200, 200, 200, Helix_D16_simpleSRG1, 8000000, 426290
200, 200, 200, Helix_D17_simpleSRG1, 8000000, 450461
200, 200, 200, Helix_D18_simpleSRG1, 8000000, 514488
200, 200, 200, Helix_D19_simpleSRG1, 8000000, 630731
200, 200, 200, Helix_D20_simpleSRG1, 8000000, 704443
200, 200, 200, Helix_D21_simpleSRG1, 8000000, 792493
200, 200, 200, Helix_D22_simpleSRG1, 8000000, 871402
200, 200, 200, Helix_D23_simpleSRG1, 8000000, 965635
200, 200, 200, Helix_D24_simpleSRG1, 8000000, 1042452
200, 200, 200, Helix_D25_simpleSRG1, 8000000, 1102272
1600, 1600, 831, BoneMaskHigh_simpleSRG1, 2127360000, 140621268
600, 700, 834, Head of mouse_simpleSRG1, 350280000, 159090055
752, 465, 1418, Maus mit Draht_simpleSRG1, 495846240, 5138538
290, 211, 429, Skeleton_simpleSRG1, 26250510, 206976
600, 700, 834, Skull of mouse_simpleSRG1, 350280000, 13624866
200, 200, 200, CubeFull_simpleSRG1, 8000000, 8000000
200, 200, 200, SphereFull_simpleSRG1, 8000000, 4187707
200, 200, 200, Helix_D1_simpleSRG1, 8000000, 7601
200, 200, 200, Helix_D2_simpleSRG1, 8000000, 18178
200, 200, 200, Helix_D3_simpleSRG1, 8000000, 27353
200, 200, 200, Helix_D4_simpleSRG1, 8000000, 48545
200, 200, 200, Helix_D5_simpleSRG1, 8000000, 40276
200, 200, 200, Helix_D6_simpleSRG1, 8000000, 37187
200, 200, 200, Helix_D7_simpleSRG1, 8000000, 129782
200, 200, 200, Helix_D8_simpleSRG1, 8000000, 154820
200, 200, 200, Helix_D9_simpleSRG1, 8000000, 85599
200, 200, 200, Helix_D10_simpleSRG1, 8000000, 99772
200, 200, 200, Helix_D11_simpleSRG1, 8000000, 255340
200, 200, 200, Helix_D12_simpleSRG1, 8000000, 307324
200, 200, 200, Helix_D13_simpleSRG1, 8000000, 329149
200, 200, 200, Helix_D14_simpleSRG1, 8000000, 359089
200, 200, 200, Helix_D15_simpleSRG1, 8000000, 382193
200, 200, 200, Helix_D16_simpleSRG1, 8000000, 426290
200, 200, 200, Helix_D17_simpleSRG1, 8000000, 450461
200, 200, 200, Helix_D18_simpleSRG1, 8000000, 514488
200, 200, 200, Helix_D19_simpleSRG1, 8000000, 630731
200, 200, 200, Helix_D20_simpleSRG1, 8000000, 704443
200, 200, 200, Helix_D21_simpleSRG1, 8000000, 792493
200, 200, 200, Helix_D22_simpleSRG1, 8000000, 871402
200, 200, 200, Helix_D23_simpleSRG1, 8000000, 965635
200, 200, 200, Helix_D24_simpleSRG1, 8000000, 1042452
200, 200, 200, Helix_D25_simpleSRG1, 8000000, 1102272
1600, 1600, 831, BoneMaskHigh_simpleSRG1, 2127360000, 140621268
600, 700, 834, Head of mouse_simpleSRG1, 350280000, 159090055
752, 465, 1418, Maus mit Draht_simpleSRG1, 495846240, 5138538
290, 211, 429, Skeleton_simpleSRG1, 26250510, 206976
600, 700, 834, Skull of mouse_simpleSRG1, 350280000, 13624866
200, 200, 200, CubeFull_simpleSRG1, 8000000, 8000000
200, 200, 200, SphereFull_simpleSRG1, 8000000, 4187707
200, 200, 200, Helix_D1_simpleSRG1, 8000000, 7601
200, 200, 200, Helix_D2_simpleSRG1, 8000000, 18178
200, 200, 200, Helix_D3_simpleSRG1, 8000000, 27353
200, 200, 200, Helix_D4_simpleSRG1, 8000000, 48545
200, 200, 200, Helix_D5_simpleSRG1, 8000000, 40276
200, 200, 200, Helix_D6_simpleSRG1, 8000000, 37187
200, 200, 200, Helix_D7_simpleSRG1, 8000000, 129782
200, 200, 200, Helix_D8_simpleSRG1, 8000000, 154820
200, 200, 200, Helix_D9_simpleSRG1, 8000000, 85599
200, 200, 200, Helix_D10_simpleSRG1, 8000000, 99772
200, 200, 200, Helix_D11_simpleSRG1, 8000000, 255340
200, 200, 200, Helix_D12_simpleSRG1, 8000000, 307324
200, 200, 200, Helix_D13_simpleSRG1, 8000000, 329149
200, 200, 200, Helix_D14_simpleSRG1, 8000000, 359089
200, 200, 200, Helix_D15_simpleSRG1, 8000000, 382193
200, 200, 200, Helix_D16_simpleSRG1, 8000000, 426290
200, 200, 200, Helix_D17_simpleSRG1, 8000000, 450461
200, 200, 200, Helix_D18_simpleSRG1, 8000000, 514488
200, 200, 200, Helix_D19_simpleSRG1, 8000000, 630731
200, 200, 200, Helix_D20_simpleSRG1, 8000000, 704443
200, 200, 200, Helix_D21_simpleSRG1, 8000000, 792493
200, 200, 200, Helix_D22_simpleSRG1, 8000000, 871402
200, 200, 200, Helix_D23_simpleSRG1, 8000000, 965635
200, 200, 200, Helix_D24_simpleSRG1, 8000000, 1042452
200, 200, 200, Helix_D25_simpleSRG1, 8000000, 1102272
1600, 1600, 831, BoneMaskHigh_simpleSRG1, 2127360000, 140621268
600, 700, 834, Head of mouse_simpleSRG1, 350280000, 159090055
752, 465, 1418, Maus mit Draht_simpleSRG1, 495846240, 5138538
290, 211, 429, Skeleton_simpleSRG1, 26250510, 206976
600, 700, 834, Skull of mouse_simpleSRG1, 350280000, 13624866
200, 200, 200, CubeFull_simpleSRG1, 8000000, 8000000
200, 200, 200, SphereFull_simpleSRG1, 8000000, 4187707
200, 200, 200, Helix_D1_simpleSRG1, 8000000, 7601
200, 200, 200, Helix_D2_simpleSRG1, 8000000, 18178
200, 200, 200, Helix_D3_simpleSRG1, 8000000, 27353
200, 200, 200, Helix_D4_simpleSRG1, 8000000, 48545
200, 200, 200, Helix_D5_simpleSRG1, 8000000, 40276
200, 200, 200, Helix_D6_simpleSRG1, 8000000, 37187
200, 200, 200, Helix_D7_simpleSRG1, 8000000, 129782
200, 200, 200, Helix_D8_simpleSRG1, 8000000, 154820
200, 200, 200, Helix_D9_simpleSRG1, 8000000, 85599
200, 200, 200, Helix_D10_simpleSRG1, 8000000, 99772
200, 200, 200, Helix_D11_simpleSRG1, 8000000, 255340
200, 200, 200, Helix_D12_simpleSRG1, 8000000, 307324
200, 200, 200, Helix_D13_simpleSRG1, 8000000, 329149
200, 200, 200, Helix_D14_simpleSRG1, 8000000, 359089
200, 200, 200, Helix_D15_simpleSRG1, 8000000, 382193
200, 200, 200, Helix_D16_simpleSRG1, 8000000, 426290
200, 200, 200, Helix_D17_simpleSRG1, 8000000, 450461
200, 200, 200, Helix_D18_simpleSRG1, 8000000, 514488
200, 200, 200, Helix_D19_simpleSRG1, 8000000, 630731
200, 200, 200, Helix_D20_simpleSRG1, 8000000, 704443
200, 200, 200, Helix_D21_simpleSRG1, 8000000, 792493
200, 200, 200, Helix_D22_simpleSRG1, 8000000, 871402
200, 200, 200, Helix_D23_simpleSRG1, 8000000, 965635
200, 200, 200, Helix_D24_simpleSRG1, 8000000, 1042452
200, 200, 200, Helix_D25_simpleSRG1, 8000000, 1102272
1600, 1600, 831, BoneMaskHigh_simpleSRG1, 2127360000, 140621268
600, 700, 834, Head of mouse_simpleSRG1, 350280000, 159090055
752, 465, 1418, Maus mit Draht_simpleSRG1, 495846240, 5138538
290, 211, 429, Skeleton_simpleSRG1, 26250510, 206976
600, 700, 834, Skull of mouse_simpleSRG1, 350280000, 13624866
200, 200, 200, CubeFull_simpleSRG1, 8000000, 8000000
200, 200, 200, SphereFull_simpleSRG1, 8000000, 4187707
200, 200, 200, Helix_D1_simpleSRG1, 8000000, 7601
200, 200, 200, Helix_D2_simpleSRG1, 8000000, 18178
200, 200, 200, Helix_D3_simpleSRG1, 8000000, 27353
200, 200, 200, Helix_D4_simpleSRG1, 8000000, 48545
200, 200, 200, Helix_D5_simpleSRG1, 8000000, 40276
200, 200, 200, Helix_D6_simpleSRG1, 8000000, 37187
200, 200, 200, Helix_D7_simpleSRG1, 8000000, 129782
200, 200, 200, Helix_D8_simpleSRG1, 8000000, 154820
200, 200, 200, Helix_D9_simpleSRG1, 8000000, 85599
200, 200, 200, Helix_D10_simpleSRG1, 8000000, 99772
200, 200, 200, Helix_D11_simpleSRG1, 8000000, 255340
200, 200, 200, Helix_D12_simpleSRG1, 8000000, 307324
200, 200, 200, Helix_D13_simpleSRG1, 8000000, 329149
200, 200, 200, Helix_D14_simpleSRG1, 8000000, 359089
200, 200, 200, Helix_D15_simpleSRG1, 8000000, 382193
200, 200, 200, Helix_D16_simpleSRG1, 8000000, 426290
200, 200, 200, Helix_D17_simpleSRG1, 8000000, 450461
200, 200, 200, Helix_D18_simpleSRG1, 8000000, 514488
200, 200, 200, Helix_D19_simpleSRG1, 8000000, 630731
200, 200, 200, Helix_D20_simpleSRG1, 8000000, 704443
200, 200, 200, Helix_D21_simpleSRG1, 8000000, 792493
200, 200, 200, Helix_D22_simpleSRG1, 8000000, 871402
200, 200, 200, Helix_D23_simpleSRG1, 8000000, 965635
200, 200, 200, Helix_D24_simpleSRG1, 8000000, 1042452
200, 200, 200, Helix_D25_simpleSRG1, 8000000, 1102272
1600, 1600, 831, BoneMaskHigh_simpleSRG1, 2127360000, 140621268
600, 700, 834, Head of mouse_simpleSRG1, 350280000, 159090055
752, 465, 1418, Maus mit Draht_simpleSRG1, 495846240, 5138538
290, 211, 429, Skeleton_simpleSRG1, 26250510, 206976
600, 700, 834, Skull of mouse_simpleSRG1, 350280000, 13624866
200, 200, 200, CubeFull_simpleSRG1, 8000000, 8000000
200, 200, 200, SphereFull_simpleSRG1, 8000000, 4187707
200, 200, 200, Helix_D1_simpleSRG1, 8000000, 7601
200, 200, 200, Helix_D2_simpleSRG1, 8000000, 18178
200, 200, 200, Helix_D3_simpleSRG1, 8000000, 27353
200, 200, 200, Helix_D4_simpleSRG1, 8000000, 48545
200, 200, 200, Helix_D5_simpleSRG1, 8000000, 40276
200, 200, 200, Helix_D6_simpleSRG1, 8000000, 37187
200, 200, 200, Helix_D7_simpleSRG1, 8000000, 129782
200, 200, 200, Helix_D8_simpleSRG1, 8000000, 154820
200, 200, 200, Helix_D9_simpleSRG1, 8000000, 85599
200, 200, 200, Helix_D10_simpleSRG1, 8000000, 99772
200, 200, 200, Helix_D11_simpleSRG1, 8000000, 255340
200, 200, 200, Helix_D12_simpleSRG1, 8000000, 307324
200, 200, 200, Helix_D13_simpleSRG1, 8000000, 329149
200, 200, 200, Helix_D14_simpleSRG1, 8000000, 359089
200, 200, 200, Helix_D15_simpleSRG1, 8000000, 382193
200, 200, 200, Helix_D16_simpleSRG1, 8000000, 426290
200, 200, 200, Helix_D17_simpleSRG1, 8000000, 450461
200, 200, 200, Helix_D18_simpleSRG1, 8000000, 514488
200, 200, 200, Helix_D19_simpleSRG1, 8000000, 630731
200, 200, 200, Helix_D20_simpleSRG1, 8000000, 704443
200, 200, 200, Helix_D21_simpleSRG1, 8000000, 792493
200, 200, 200, Helix_D22_simpleSRG1, 8000000, 871402
200, 200, 200, Helix_D23_simpleSRG1, 8000000, 965635
200, 200, 200, Helix_D24_simpleSRG1, 8000000, 1042452
200, 200, 200, Helix_D25_simpleSRG1, 8000000, 1102272
1600, 1600, 831, BoneMaskHigh_simpleSRG1, 2127360000, 140621268
600, 700, 834, Head of mouse_simpleSRG1, 350280000, 159090055
752, 465, 1418, Maus mit Draht_simpleSRG1, 495846240, 5138538
290, 211, 429, Skeleton_simpleSRG1, 26250510, 206976
600, 700, 834, Skull of mouse_simpleSRG1, 350280000, 13624866
200, 200, 200, CubeFull_simpleSRG1, 8000000, 8000000
200, 200, 200, SphereFull_simpleSRG1, 8000000, 4187707
200, 200, 200, Helix_D1_simpleSRG1, 8000000, 7601
200, 200, 200, Helix_D2_simpleSRG1, 8000000, 18178
200, 200, 200, Helix_D3_simpleSRG1, 8000000, 27353
200, 200, 200, Helix_D4_simpleSRG1, 8000000, 48545
200, 200, 200, Helix_D5_simpleSRG1, 8000000, 40276
200, 200, 200, Helix_D6_simpleSRG1, 8000000, 37187
200, 200, 200, Helix_D7_simpleSRG1, 8000000, 129782
200, 200, 200, Helix_D8_simpleSRG1, 8000000, 154820
200, 200, 200, Helix_D9_simpleSRG1, 8000000, 85599
200, 200, 200, Helix_D10_simpleSRG1, 8000000, 99772
200, 200, 200, Helix_D11_simpleSRG1, 8000000, 255340
200, 200, 200, Helix_D12_simpleSRG1, 8000000, 307324
200, 200, 200, Helix_D13_simpleSRG1, 8000000, 329149
200, 200, 200, Helix_D14_simpleSRG1, 8000000, 359089
200, 200, 200, Helix_D15_simpleSRG1, 8000000, 382193
200, 200, 200, Helix_D16_simpleSRG1, 8000000, 426290
200, 200, 200, Helix_D17_simpleSRG1, 8000000, 450461
200, 200, 200, Helix_D18_simpleSRG1, 8000000, 514488
200, 200, 200, Helix_D19_simpleSRG1, 8000000, 630731
200, 200, 200, Helix_D20_simpleSRG1, 8000000, 704443
200, 200, 200, Helix_D21_simpleSRG1, 8000000, 792493
200, 200, 200, Helix_D22_simpleSRG1, 8000000, 871402
200, 200, 200, Helix_D23_simpleSRG1, 8000000, 965635
200, 200, 200, Helix_D24_simpleSRG1, 8000000, 1042452
200, 200, 200, Helix_D25_simpleSRG1, 8000000, 1102272
1600, 1600, 831, BoneMaskHigh_simpleSRG1, 2127360000, 140621268
600, 700, 834, Head of mouse_simpleSRG1, 350280000, 159090055
752, 465, 1418, Maus mit Draht_simpleSRG1, 495846240, 5138538
290, 211, 429, Skeleton_simpleSRG1, 26250510, 206976
600, 700, 834, Skull of mouse_simpleSRG1, 350280000, 13624866
200, 200, 200, CubeFull_simpleSRG1, 8000000, 8000000
200, 200, 200, SphereFull_simpleSRG1, 8000000, 4187707
200, 200, 200, Helix_D1_simpleSRG1, 8000000, 7601
200, 200, 200, Helix_D2_simpleSRG1, 8000000, 18178
200, 200, 200, Helix_D3_simpleSRG1, 8000000, 27353
200, 200, 200, Helix_D4_simpleSRG1, 8000000, 48545
200, 200, 200, Helix_D5_simpleSRG1, 8000000, 40276
200, 200, 200, Helix_D6_simpleSRG1, 8000000, 37187
200, 200, 200, Helix_D7_simpleSRG1, 8000000, 129782
200, 200, 200, Helix_D8_simpleSRG1, 8000000, 154820
200, 200, 200, Helix_D9_simpleSRG1, 8000000, 85599
200, 200, 200, Helix_D10_simpleSRG1, 8000000, 99772
200, 200, 200, Helix_D11_simpleSRG1, 8000000, 255340
200, 200, 200, Helix_D12_simpleSRG1, 8000000, 307324
200, 200, 200, Helix_D13_simpleSRG1, 8000000, 329149
200, 200, 200, Helix_D14_simpleSRG1, 8000000, 359089
200, 200, 200, Helix_D15_simpleSRG1, 8000000, 382193
200, 200, 200, Helix_D16_simpleSRG1, 8000000, 426290
200, 200, 200, Helix_D17_simpleSRG1, 8000000, 450461
200, 200, 200, Helix_D18_simpleSRG1, 8000000, 514488
200, 200, 200, Helix_D19_simpleSRG1, 8000000, 630731
200, 200, 200, Helix_D20_simpleSRG1, 8000000, 704443
200, 200, 200, Helix_D21_simpleSRG1, 8000000, 792493
200, 200, 200, Helix_D22_simpleSRG1, 8000000, 871402
200, 200, 200, Helix_D23_simpleSRG1, 8000000, 965635
200, 200, 200, Helix_D24_simpleSRG1, 8000000, 1042452
200, 200, 200, Helix_D25_simpleSRG1, 8000000, 1102272
1600, 1600, 831, BoneMaskHigh_simpleSRG1, 2127360000, 140621268
600, 700, 834, Head of mouse_simpleSRG1, 350280000, 159090055
752, 465, 1418, Maus mit Draht_simpleSRG1, 495846240, 5138538
290, 211, 429, Skeleton_simpleSRG1, 26250510, 206976
600, 700, 834, Skull of mouse_simpleSRG1, 350280000, 13624866
200, 200, 200, CubeFull_simpleSRG1, 8000000, 8000000
200, 200, 200, SphereFull_simpleSRG1, 8000000, 4187707
200, 200, 200, Helix_D1_simpleSRG1, 8000000, 7601
200, 200, 200, Helix_D2_simpleSRG1, 8000000, 18178
200, 200, 200, Helix_D3_simpleSRG1, 8000000, 27353
200, 200, 200, Helix_D4_simpleSRG1, 8000000, 48545
200, 200, 200, Helix_D5_simpleSRG1, 8000000, 40276
200, 200, 200, Helix_D6_simpleSRG1, 8000000, 37187
200, 200, 200, Helix_D7_simpleSRG1, 8000000, 129782
200, 200, 200, Helix_D8_simpleSRG1, 8000000, 154820
200, 200, 200, Helix_D9_simpleSRG1, 8000000, 85599
200, 200, 200, Helix_D10_simpleSRG1, 8000000, 99772
200, 200, 200, Helix_D11_simpleSRG1, 8000000, 255340
200, 200, 200, Helix_D12_simpleSRG1, 8000000, 307324
200, 200, 200, Helix_D13_simpleSRG1, 8000000, 329149
200, 200, 200, Helix_D14_simpleSRG1, 8000000, 359089
200, 200, 200, Helix_D15_simpleSRG1, 8000000, 382193
200, 200, 200, Helix_D16_simpleSRG1, 8000000, 426290
200, 200, 200, Helix_D17_simpleSRG1, 8000000, 450461
200, 200, 200, Helix_D18_simpleSRG1, 8000000, 514488
200, 200, 200, Helix_D19_simpleSRG1, 8000000, 630731
200, 200, 200, Helix_D20_simpleSRG1, 8000000, 704443
200, 200, 200, Helix_D21_simpleSRG1, 8000000, 792493
200, 200, 200, Helix_D22_simpleSRG1, 8000000, 871402
200, 200, 200, Helix_D23_simpleSRG1, 8000000, 965635
200, 200, 200, Helix_D24_simpleSRG1, 8000000, 1042452
200, 200, 200, Helix_D25_simpleSRG1, 8000000, 1102272
1600, 1600, 831, BoneMaskHigh_simpleSRG1, 2127360000, 140621268
600, 700, 834, Head of mouse_simpleSRG1, 350280000, 159090055
752, 465, 1418, Maus mit Draht_simpleSRG1, 495846240, 5138538
290, 211, 429, Skeleton_simpleSRG1, 26250510, 206976
600, 700, 834, Skull of mouse_simpleSRG1, 350280000, 13624866
200, 200, 200, CubeFull_simpleSRG1, 8000000, 8000000
200, 200, 200, SphereFull_simpleSRG1, 8000000, 4187707
200, 200, 200, Helix_D1_simpleSRG1, 8000000, 7601
200, 200, 200, Helix_D2_simpleSRG1, 8000000, 9
200, 200, 200, Helix_D3_simpleSRG1, 8000000, 12
200, 200, 200, Helix_D4_simpleSRG1, 8000000, 21
200, 200, 200, Helix_D5_simpleSRG1, 8000000, 32
200, 200, 200, Helix_D6_simpleSRG1, 8000000, 37187
200, 200, 200, Helix_D7_simpleSRG1, 8000000, 129782
200, 200, 200, Helix_D8_simpleSRG1, 8000000, 154820
200, 200, 200, Helix_D9_simpleSRG1, 8000000, 85599
200, 200, 200, Helix_D10_simpleSRG1, 8000000, 99772
200, 200, 200, Helix_D11_simpleSRG1, 8000000, 255340
200, 200, 200, Helix_D12_simpleSRG1, 8000000, 307324
200, 200, 200, Helix_D13_simpleSRG1, 8000000, 329149
200, 200, 200, Helix_D14_simpleSRG1, 8000000, 359089
200, 200, 200, Helix_D15_simpleSRG1, 8000000, 382193
200, 200, 200, Helix_D16_simpleSRG1, 8000000, 426290
200, 200, 200, Helix_D17_simpleSRG1, 8000000, 450461
200, 200, 200, Helix_D18_simpleSRG1, 8000000, 514488
200, 200, 200, Helix_D19_simpleSRG1, 8000000, 630731
200, 200, 200, Helix_D20_simpleSRG1, 8000000, 704443
200, 200, 200, Helix_D21_simpleSRG1, 8000000, 792493
200, 200, 200, Helix_D22_simpleSRG1, 8000000, 871402
200, 200, 200, Helix_D23_simpleSRG1, 8000000, 965635
200, 200, 200, Helix_D24_simpleSRG1, 8000000, 1042452
200, 200, 200, Helix_D25_simpleSRG1, 8000000, 1102272
1600, 1600, 831, BoneMaskHigh_simpleSRG1, 2127360000, 140621268
600, 700, 834, Head of mouse_simpleSRG1, 350280000, 159090055
752, 465, 1418, Maus mit Draht_simpleSRG1, 495846240, 5138538
290, 211, 429, Skeleton_simpleSRG1, 26250510, 206976
600, 700, 834, Skull of mouse_simpleSRG1, 350280000, 13624866
200, 200, 200, CubeFull_simpleSRG1, 8000000, 8000000
200, 200, 200, SphereFull_simpleSRG1, 8000000, 4187707
200, 200, 200, Helix_D1_simpleSRG1, 8000000, 7601
200, 200, 200, Helix_D2_simpleSRG1, 8000000, 9
200, 200, 200, Helix_D3_simpleSRG1, 8000000, 36
200, 200, 200, Helix_D4_simpleSRG1, 8000000, 64
200, 200, 200, Helix_D5_simpleSRG1, 8000000, 100
200, 200, 200, Helix_D6_simpleSRG1, 8000000, 144
200, 200, 200, Helix_D7_simpleSRG1, 8000000, 196
200, 200, 200, Helix_D8_simpleSRG1, 8000000, 256
200, 200, 200, Helix_D9_simpleSRG1, 8000000, 324
200, 200, 200, Helix_D10_simpleSRG1, 8000000, 400
200, 200, 200, Helix_D11_simpleSRG1, 8000000, 484
200, 200, 200, Helix_D12_simpleSRG1, 8000000, 576
200, 200, 200, Helix_D13_simpleSRG1, 8000000, 676
200, 200, 200, Helix_D14_simpleSRG1, 8000000, 784
200, 200, 200, Helix_D15_simpleSRG1, 8000000, 900
200, 200, 200, Helix_D16_simpleSRG1, 8000000, 1024
200, 200, 200, Helix_D17_simpleSRG1, 8000000, 1156
200, 200, 200, Helix_D18_simpleSRG1, 8000000, 1296
200, 200, 200, Helix_D19_simpleSRG1, 8000000, 1444
200, 200, 200, Helix_D20_simpleSRG1, 8000000, 1600
200, 200, 200, Helix_D21_simpleSRG1, 8000000, 1764
200, 200, 200, Helix_D22_simpleSRG1, 8000000, 1936
200, 200, 200, Helix_D23_simpleSRG1, 8000000, 2116
200, 200, 200, Helix_D24_simpleSRG1, 8000000, 2304
200, 200, 200, Helix_D25_simpleSRG1, 8000000, 2500
1600, 1600, 831, BoneMaskHigh_simpleSRG1, 2127360000, 140621268
600, 700, 834, Head of mouse_simpleSRG1, 350280000, 159090055
752, 465, 1418, Maus mit Draht_simpleSRG1, 495846240, 5138538
290, 211, 429, Skeleton_simpleSRG1, 26250510, 206976
600, 700, 834, Skull of mouse_simpleSRG1, 350280000, 13624866
200, 200, 200, CubeFull_simpleSRG1, 8000000, 8000000
200, 200, 200, SphereFull_simpleSRG1, 8000000, 4187707
200, 200, 200, Helix_D1_simpleSRG1, 8000000, 5296
200, 200, 200, Helix_D2_simpleSRG1, 8000000, 17552
200, 200, 200, Helix_D3_simpleSRG1, 8000000, 36768
200, 200, 200, Helix_D4_simpleSRG1, 8000000, 62944
200, 200, 200, Helix_D5_simpleSRG1, 8000000, 96080
200, 200, 200, Helix_D6_simpleSRG1, 8000000, 136176
200, 200, 200, Helix_D7_simpleSRG1, 8000000, 183232
200, 200, 200, Helix_D8_simpleSRG1, 8000000, 237248
200, 200, 200, Helix_D9_simpleSRG1, 8000000, 298224
200, 200, 200, Helix_D10_simpleSRG1, 8000000, 365826
200, 200, 200, Helix_D11_simpleSRG1, 8000000, 440170
200, 200, 200, Helix_D12_simpleSRG1, 8000000, 493503
200, 200, 200, Helix_D13_simpleSRG1, 8000000, 543309
200, 200, 200, Helix_D14_simpleSRG1, 8000000, 594667
200, 200, 200, Helix_D15_simpleSRG1, 8000000, 647149
200, 200, 200, Helix_D16_simpleSRG1, 8000000, 701167
200, 200, 200, Helix_D17_simpleSRG1, 8000000, 756721
200, 200, 200, Helix_D18_simpleSRG1, 8000000, 813363
200, 200, 200, Helix_D19_simpleSRG1, 8000000, 871525
200, 200, 200, Helix_D20_simpleSRG1, 8000000, 930747
200, 200, 200, Helix_D21_simpleSRG1, 8000000, 991473
200, 200, 200, Helix_D22_simpleSRG1, 8000000, 1053227
200, 200, 200, Helix_D23_simpleSRG1, 8000000, 1116469
200, 200, 200, Helix_D24_simpleSRG1, 8000000, 1180707
200, 200, 200, Helix_D25_simpleSRG1, 8000000, 1246417
1600, 1600, 831, BoneMaskHigh_simpleSRG1, 2127360000, 140621268
600, 700, 834, Head of mouse_simpleSRG1, 350280000, 159090055
752, 465, 1418, Maus mit Draht_simpleSRG1, 495846240, 5138538
290, 211, 429, Skeleton_simpleSRG1, 26250510, 206976
600, 700, 834, Skull of mouse_simpleSRG1, 350280000, 13624866
200, 200, 200, CubeFull_simpleSRG1, 8000000, 8000000
200, 200, 200, SphereFull_simpleSRG1, 8000000, 4187707
200, 200, 200, Helix_D1_simpleSRG1, 8000000, 25678
200, 200, 200, Helix_D2_simpleSRG1, 8000000, 86260
200, 200, 200, Helix_D3_simpleSRG1, 8000000, 137539
200, 200, 200, Helix_D4_simpleSRG1, 8000000, 180787
200, 200, 200, Helix_D5_simpleSRG1, 8000000, 225603
200, 200, 200, Helix_D6_simpleSRG1, 8000000, 271987
200, 200, 200, Helix_D7_simpleSRG1, 8000000, 319939
200, 200, 200, Helix_D8_simpleSRG1, 8000000, 369459
200, 200, 200, Helix_D9_simpleSRG1, 8000000, 420547
200, 200, 200, Helix_D10_simpleSRG1, 8000000, 472739
200, 200, 200, Helix_D11_simpleSRG1, 8000000, 526483
200, 200, 200, Helix_D12_simpleSRG1, 8000000, 581779
200, 200, 200, Helix_D13_simpleSRG1, 8000000, 638627
200, 200, 200, Helix_D14_simpleSRG1, 8000000, 697027
200, 200, 200, Helix_D15_simpleSRG1, 8000000, 756483
200, 200, 200, Helix_D16_simpleSRG1, 8000000, 817475
200, 200, 200, Helix_D17_simpleSRG1, 8000000, 880003
200, 200, 200, Helix_D18_simpleSRG1, 8000000, 943547
200, 200, 200, Helix_D19_simpleSRG1, 8000000, 1008611
200, 200, 200, Helix_D20_simpleSRG1, 8000000, 1074659
200, 200, 200, Helix_D21_simpleSRG1, 8000000, 1142211
200, 200, 200, Helix_D22_simpleSRG1, 8000000, 1210715
200, 200, 200, Helix_D23_simpleSRG1, 8000000, 1280707
200, 200, 200, Helix_D24_simpleSRG1, 8000000, 1351619
200, 200, 200, Helix_D25_simpleSRG1, 8000000, 1424003
1600, 1600, 831, BoneMaskHigh_simpleSRG1, 2127360000, 140621268
600, 700, 834, Head of mouse_simpleSRG1, 350280000, 159090055
752, 465, 1418, Maus mit Draht_simpleSRG1, 495846240, 5138538
290, 211, 429, Skeleton_simpleSRG1, 26250510, 206976
600, 700, 834, Skull of mouse_simpleSRG1, 350280000, 13624866
200, 200, 200, CubeFull_simpleSRG1, 8000000, 8000000
200, 200, 200, SphereFull_simpleSRG1, 8000000, 4187707
200, 200, 200, Helix_D1_simpleSRG1, 8000000, 1498
200, 200, 200, Helix_D2_simpleSRG1, 8000000, 4836
200, 200, 200, Helix_D3_simpleSRG1, 8000000, 10014
200, 200, 200, Helix_D4_simpleSRG1, 8000000, 17032
200, 200, 200, Helix_D5_simpleSRG1, 8000000, 25890
200, 200, 200, Helix_D6_simpleSRG1, 8000000, 36588
200, 200, 200, Helix_D7_simpleSRG1, 8000000, 49126
200, 200, 200, Helix_D8_simpleSRG1, 8000000, 63504
200, 200, 200, Helix_D9_simpleSRG1, 8000000, 79722
200, 200, 200, Helix_D10_simpleSRG1, 8000000, 97724
200, 200, 200, Helix_D11_simpleSRG1, 8000000, 117550
200, 200, 200, Helix_D12_simpleSRG1, 8000000, 139200
200, 200, 200, Helix_D13_simpleSRG1, 8000000, 162674
200, 200, 200, Helix_D14_simpleSRG1, 8000000, 187972
200, 200, 200, Helix_D15_simpleSRG1, 8000000, 215006
200, 200, 200, Helix_D16_simpleSRG1, 8000000, 243848
200, 200, 200, Helix_D17_simpleSRG1, 8000000, 274498
200, 200, 200, Helix_D18_simpleSRG1, 8000000, 306852
200, 200, 200, Helix_D19_simpleSRG1, 8000000, 340998
200, 200, 200, Helix_D20_simpleSRG1, 8000000, 376824
200, 200, 200, Helix_D21_simpleSRG1, 8000000, 414426
200, 200, 200, Helix_D22_simpleSRG1, 8000000, 453680
200, 200, 200, Helix_D23_simpleSRG1, 8000000, 494694
200, 200, 200, Helix_D24_simpleSRG1, 8000000, 537332
200, 200, 200, Helix_D25_simpleSRG1, 8000000, 581714
1600, 1600, 831, BoneMaskHigh_simpleSRG1, 2127360000, 140621268
600, 700, 834, Head of mouse_simpleSRG1, 350280000, 159090055
752, 465, 1418, Maus mit Draht_simpleSRG1, 495846240, 5138538
290, 211, 429, Skeleton_simpleSRG1, 26250510, 206976
600, 700, 834, Skull of mouse_simpleSRG1, 350280000, 13624866
200, 200, 200, CubeFull_simpleSRG1, 8000000, 8000000
200, 200, 200, SphereFull_simpleSRG1, 8000000, 4187707
200, 200, 200, Helix_D1_simpleSRG1, 8000000, 2764
200, 200, 200, Helix_D2_simpleSRG1, 8000000, 9064
200, 200, 200, Helix_D3_simpleSRG1, 8000000, 18900
200, 200, 200, Helix_D4_simpleSRG1, 8000000, 32272
200, 200, 200, Helix_D5_simpleSRG1, 8000000, 49180
200, 200, 200, Helix_D6_simpleSRG1, 8000000, 69624
200, 200, 200, Helix_D7_simpleSRG1, 8000000, 93604
200, 200, 200, Helix_D8_simpleSRG1, 8000000, 121120
200, 200, 200, Helix_D9_simpleSRG1, 8000000, 152172
200, 200, 200, Helix_D10_simpleSRG1, 8000000, 186622
200, 200, 200, Helix_D11_simpleSRG1, 8000000, 224576
200, 200, 200, Helix_D12_simpleSRG1, 8000000, 266034
200, 200, 200, Helix_D13_simpleSRG1, 8000000, 310996
200, 200, 200, Helix_D14_simpleSRG1, 8000000, 359462
200, 200, 200, Helix_D15_simpleSRG1, 8000000, 411224
1600, 1600, 831, BoneMaskHigh_simpleSRG1, 2127360000, 140621268
600, 700, 834, Head of mouse_simpleSRG1, 350280000, 159090055
752, 465, 1418, Maus mit Draht_simpleSRG1, 495846240, 5138538
290, 211, 429, Skeleton_simpleSRG1, 26250510, 206976
600, 700, 834, Skull of mouse_simpleSRG1, 350280000, 13624866
200, 200, 200, CubeFull_simpleSRG1, 8000000, 8000000
200, 200, 200, SphereFull_simpleSRG1, 8000000, 4187707
200, 200, 200, Helix_D1_simpleSRG1, 8000000, 7260
200, 200, 200, Helix_D2_simpleSRG1, 8000000, 29360
200, 200, 200, Helix_D3_simpleSRG1, 8000000, 66348
200, 200, 200, Helix_D4_simpleSRG1, 8000000, 118272
200, 200, 200, Helix_D5_simpleSRG1, 8000000, 185180
200, 200, 200, Helix_D6_simpleSRG1, 8000000, 267120
200, 200, 200, Helix_D7_simpleSRG1, 8000000, 364140
200, 200, 200, Helix_D8_simpleSRG1, 8000000, 476288
200, 200, 200, Helix_D9_simpleSRG1, 8000000, 603612
200, 200, 200, Helix_D10_simpleSRG1, 8000000, 745530
200, 200, 200, Helix_D11_simpleSRG1, 8000000, 876568
200, 200, 200, Helix_D12_simpleSRG1, 8000000, 977359
200, 200, 200, Helix_D13_simpleSRG1, 8000000, 1080739
200, 200, 200, Helix_D14_simpleSRG1, 8000000, 1187543
200, 200, 200, Helix_D15_simpleSRG1, 8000000, 1296953
1600, 1600, 831, BoneMaskHigh_simpleSRG1, 2127360000, 140621268
600, 700, 834, Head of mouse_simpleSRG1, 350280000, 159090055
752, 465, 1418, Maus mit Draht_simpleSRG1, 495846240, 5138538
290, 211, 429, Skeleton_simpleSRG1, 26250510, 206976
600, 700, 834, Skull of mouse_simpleSRG1, 350280000, 13624866
1600, 1600, 831, BoneMaskHigh_simpleSRG1, 2127360000, 140621268
600, 700, 834, Head of mouse_simpleSRG1, 350280000, 159090055
752, 465, 1418, Maus mit Draht_simpleSRG1, 495846240, 5138538
290, 211, 429, Skeleton_simpleSRG1, 26250510, 206976
600, 700, 834, Skull of mouse_simpleSRG1, 350280000, 13624866
1600, 1600, 831, BoneMaskHigh_simpleSRG1, 2127360000, 140621268
600, 700, 834, Head of mouse_simpleSRG1, 350280000, 159090055
752, 465, 1418, Maus mit Draht_simpleSRG1, 495846240, 5138538
290, 211, 429, Skeleton_simpleSRG1, 26250510, 206976
600, 700, 834, Skull of mouse_simpleSRG1, 350280000, 13624866
1600, 1600, 831, BoneMaskHigh_simpleSRG1, 2127360000, 140621268
600, 700, 834, Head of mouse_simpleSRG1, 350280000, 159090055
752, 465, 1418, Maus mit Draht_simpleSRG1, 495846240, 5138538
290, 211, 429, Skeleton_simpleSRG1, 26250510, 206976
600, 700, 834, Skull of mouse_simpleSRG1, 350280000, 13624866
1600, 1600, 831, BoneMaskHigh_simpleSRG1, 2127360000, 140621268
600, 700, 834, Head of mouse_simpleSRG1, 350280000, 159090055
752, 465, 1418, Maus mit Draht_simpleSRG1, 495846240, 5138538
290, 211, 429, Skeleton_simpleSRG1, 26250510, 206976
600, 700, 834, Skull of mouse_simpleSRG1, 350280000, 13624866
800, 800, 800, CubeFull_simpleSRG1, 512000000, 512000000
800, 800, 800, SphereFull_simpleSRG1, 512000000, 268077587
800, 800, 800, Helix_D1_simpleSRG1, 512000000, 29884
800, 800, 800, Helix_D2_simpleSRG1, 512000000, 119856
800, 800, 800, Helix_D3_simpleSRG1, 512000000, 269964
800, 800, 800, Helix_D4_simpleSRG1, 512000000, 480256
800, 800, 800, Helix_D5_simpleSRG1, 512000000, 750780
800, 800, 800, Helix_D6_simpleSRG1, 512000000, 1081584
1600, 1600, 831, BoneMaskHigh_simpleSRG1, 2127360000, 140621268
600, 700, 834, Head of mouse_simpleSRG1, 350280000, 159090055
752, 465, 1418, Maus mit Draht_simpleSRG1, 495846240, 5138538
290, 211, 429, Skeleton_simpleSRG1, 26250510, 206976
600, 700, 834, Skull of mouse_simpleSRG1, 350280000, 13624866
200, 200, 200, CubeFull_simpleSRG1, 8000000, 8000000
200, 200, 200, SphereFull_simpleSRG1, 8000000, 4187707
200, 200, 200, Helix_D1_simpleSRG1, 8000000, 7260
200, 200, 200, Helix_D2_simpleSRG1, 8000000, 29360
200, 200, 200, Helix_D3_simpleSRG1, 8000000, 66348
200, 200, 200, Helix_D4_simpleSRG1, 8000000, 118272
200, 200, 200, Helix_D5_simpleSRG1, 8000000, 185180
200, 200, 200, Helix_D6_simpleSRG1, 8000000, 267120
250, 250, 250, CubeFull_simpleSRG1, 15625000, 15625000
250, 250, 250, SphereFull_simpleSRG1, 15625000, 8180137
250, 250, 250, Helix_D1_simpleSRG1, 15625000, 9216
250, 250, 250, Helix_D2_simpleSRG1, 15625000, 36896
250, 250, 250, Helix_D3_simpleSRG1, 15625000, 83088
250, 250, 250, Helix_D4_simpleSRG1, 15625000, 147840
250, 250, 250, Helix_D5_simpleSRG1, 15625000, 231200
250, 250, 250, Helix_D6_simpleSRG1, 15625000, 333216
300, 300, 300, CubeFull_simpleSRG1, 27000000, 27000000
300, 300, 300, SphereFull_simpleSRG1, 27000000, 14136887
300, 300, 300, Helix_D1_simpleSRG1, 27000000, 11032
300, 300, 300, Helix_D2_simpleSRG1, 27000000, 44448
300, 300, 300, Helix_D3_simpleSRG1, 27000000, 100296
300, 300, 300, Helix_D4_simpleSRG1, 27000000, 178624
300, 300, 300, Helix_D5_simpleSRG1, 27000000, 279480
300, 300, 300, Helix_D6_simpleSRG1, 27000000, 402912
350, 350, 350, CubeFull_simpleSRG1, 42875000, 42875000
350, 350, 350, SphereFull_simpleSRG1, 42875000, 22447577
350, 350, 350, Helix_D1_simpleSRG1, 42875000, 12916
350, 350, 350, Helix_D2_simpleSRG1, 42875000, 51840
350, 350, 350, Helix_D3_simpleSRG1, 42875000, 116820
350, 350, 350, Helix_D4_simpleSRG1, 42875000, 207904
350, 350, 350, Helix_D5_simpleSRG1, 42875000, 325140
350, 350, 350, Helix_D6_simpleSRG1, 42875000, 468576
400, 400, 400, CubeFull_simpleSRG1, 64000000, 64000000
400, 400, 400, SphereFull_simpleSRG1, 64000000, 33507735
400, 400, 400, Helix_D1_simpleSRG1, 64000000, 14796
400, 400, 400, Helix_D2_simpleSRG1, 64000000, 59504
400, 400, 400, Helix_D3_simpleSRG1, 64000000, 134172
400, 400, 400, Helix_D4_simpleSRG1, 64000000, 238848
400, 400, 400, Helix_D5_simpleSRG1, 64000000, 373580
400, 400, 400, Helix_D6_simpleSRG1, 64000000, 538416
450, 450, 450, CubeFull_simpleSRG1, 91125000, 91125000
450, 450, 450, SphereFull_simpleSRG1, 91125000, 47709709
450, 450, 450, Helix_D1_simpleSRG1, 91125000, 16752
450, 450, 450, Helix_D2_simpleSRG1, 91125000, 67040
450, 450, 450, Helix_D3_simpleSRG1, 91125000, 150912
450, 450, 450, Helix_D4_simpleSRG1, 91125000, 268416
450, 450, 450, Helix_D5_simpleSRG1, 91125000, 419600
450, 450, 450, Helix_D6_simpleSRG1, 91125000, 604512
500, 500, 500, CubeFull_simpleSRG1, 125000000, 125000000
500, 500, 500, SphereFull_simpleSRG1, 125000000, 65446303
500, 500, 500, Helix_D1_simpleSRG1, 125000000, 18500
500, 500, 500, Helix_D2_simpleSRG1, 125000000, 74464
500, 500, 500, Helix_D3_simpleSRG1, 125000000, 167940
500, 500, 500, Helix_D4_simpleSRG1, 125000000, 298976
500, 500, 500, Helix_D5_simpleSRG1, 125000000, 467620
500, 500, 500, Helix_D6_simpleSRG1, 125000000, 673920
550, 550, 550, CubeFull_simpleSRG1, 166375000, 166375000
550, 550, 550, SphereFull_simpleSRG1, 166375000, 87109925
550, 550, 550, Helix_D1_simpleSRG1, 166375000, 20448
550, 550, 550, Helix_D2_simpleSRG1, 166375000, 81968
550, 550, 550, Helix_D3_simpleSRG1, 166375000, 184608
550, 550, 550, Helix_D4_simpleSRG1, 166375000, 328416
550, 550, 550, Helix_D5_simpleSRG1, 166375000, 513440
550, 550, 550, Helix_D6_simpleSRG1, 166375000, 739728
550, 550, 550, CubeFull_simpleSRG1, 166375000, 166375000
550, 550, 550, SphereFull_simpleSRG1, 166375000, 87109925
550, 550, 550, Helix_D1_simpleSRG1, 166375000, 20448
550, 550, 550, Helix_D2_simpleSRG1, 166375000, 81968
550, 550, 550, Helix_D3_simpleSRG1, 166375000, 184608
550, 550, 550, Helix_D4_simpleSRG1, 166375000, 328416
550, 550, 550, Helix_D5_simpleSRG1, 166375000, 513440
550, 550, 550, Helix_D6_simpleSRG1, 166375000, 739728
1600, 1600, 831, BoneMaskHigh_simpleSRG1, 2127360000, 140621268
600, 700, 834, Head of mouse_simpleSRG1, 350280000, 159090055
752, 465, 1418, Maus mit Draht_simpleSRG1, 495846240, 5138538
290, 211, 429, Skeleton_simpleSRG1, 26250510, 206976
600, 700, 834, Skull of mouse_simpleSRG1, 350280000, 13624866
1600, 1600, 831, BoneMaskHigh_simpleSRG1, 2127360000, 140621268
600, 700, 834, Head of mouse_simpleSRG1, 350280000, 159090055
752, 465, 1418, Maus mit Draht_simpleSRG1, 495846240, 5138538
290, 211, 429, Skeleton_simpleSRG1, 26250510, 206976
600, 700, 834, Skull of mouse_simpleSRG1, 350280000, 13624866
200, 200, 200, CubeFull_simpleSRG1, 8000000, 8000000
200, 200, 200, SphereFull_simpleSRG1, 8000000, 4187707
200, 200, 200, Helix_D1_simpleSRG1, 8000000, 7260
200, 200, 200, Helix_D2_simpleSRG1, 8000000, 29360
200, 200, 200, Helix_D3_simpleSRG1, 8000000, 66348
200, 200, 200, Helix_D4_simpleSRG1, 8000000, 118272
200, 200, 200, Helix_D5_simpleSRG1, 8000000, 185180
200, 200, 200, Helix_D6_simpleSRG1, 8000000, 267120
1600, 1600, 831, BoneMaskHigh_simpleSRG1, 2127360000, 140621268
600, 700, 834, Head of mouse_simpleSRG1, 350280000, 159090055
752, 465, 1418, Maus mit Draht_simpleSRG1, 495846240, 5138538
290, 211, 429, Skeleton_simpleSRG1, 26250510, 206976
600, 700, 834, Skull of mouse_simpleSRG1, 350280000, 13624866
200, 200, 200, CubeFull_simpleSRG1, 8000000, 8000000
200, 200, 200, SphereFull_simpleSRG1, 8000000, 4187707
200, 200, 200, Helix_D1_simpleSRG1, 8000000, 7260
200, 200, 200, Helix_D2_simpleSRG1, 8000000, 29360
200, 200, 200, Helix_D3_simpleSRG1, 8000000, 66348
200, 200, 200, Helix_D4_simpleSRG1, 8000000, 118272
200, 200, 200, Helix_D5_simpleSRG1, 8000000, 185180
800, 800, 800, CubeFull_simpleSRG1, 512000000, 512000000
800, 800, 800, SphereFull_simpleSRG1, 512000000, 268077587
800, 800, 800, Helix_D1_simpleSRG1, 512000000, 29884
800, 800, 800, Helix_D2_simpleSRG1, 512000000, 119856
800, 800, 800, Helix_D3_simpleSRG1, 512000000, 269964
800, 800, 800, Helix_D4_simpleSRG1, 512000000, 480256
800, 800, 800, Helix_D5_simpleSRG1, 512000000, 750780
1600, 1600, 831, BoneMaskHigh_simpleSRG1, 2127360000, 140621268
600, 700, 834, Head of mouse_simpleSRG1, 350280000, 159090055
752, 465, 1418, Maus mit Draht_simpleSRG1, 495846240, 5138538
290, 211, 429, Skeleton_simpleSRG1, 26250510, 206976
600, 700, 834, Skull of mouse_simpleSRG1, 350280000, 13624866
200, 200, 200, CubeFull_simpleSRG1, 8000000, 8000000
200, 200, 200, SphereFull_simpleSRG1, 8000000, 4187707
200, 200, 200, Helix_D1_simpleSRG1, 8000000, 7260
200, 200, 200, Helix_D2_simpleSRG1, 8000000, 29360
200, 200, 200, Helix_D3_simpleSRG1, 8000000, 66348
200, 200, 200, Helix_D4_simpleSRG1, 8000000, 118272
200, 200, 200, Helix_D5_simpleSRG1, 8000000, 185180
250, 250, 250, CubeFull_simpleSRG1, 15625000, 15625000
250, 250, 250, SphereFull_simpleSRG1, 15625000, 8180137
250, 250, 250, Helix_D1_simpleSRG1, 15625000, 9216
250, 250, 250, Helix_D2_simpleSRG1, 15625000, 36896
250, 250, 250, Helix_D3_simpleSRG1, 15625000, 83088
250, 250, 250, Helix_D4_simpleSRG1, 15625000, 147840
250, 250, 250, Helix_D5_simpleSRG1, 15625000, 231200
300, 300, 300, CubeFull_simpleSRG1, 27000000, 27000000
300, 300, 300, SphereFull_simpleSRG1, 27000000, 14136887
300, 300, 300, Helix_D1_simpleSRG1, 27000000, 11032
300, 300, 300, Helix_D2_simpleSRG1, 27000000, 44448
300, 300, 300, Helix_D3_simpleSRG1, 27000000, 100296
300, 300, 300, Helix_D4_simpleSRG1, 27000000, 178624
300, 300, 300, Helix_D5_simpleSRG1, 27000000, 279480
350, 350, 350, CubeFull_simpleSRG1, 42875000, 42875000
350, 350, 350, SphereFull_simpleSRG1, 42875000, 22447577
350, 350, 350, Helix_D1_simpleSRG1, 42875000, 12916
350, 350, 350, Helix_D2_simpleSRG1, 42875000, 51840
350, 350, 350, Helix_D3_simpleSRG1, 42875000, 116820
350, 350, 350, Helix_D4_simpleSRG1, 42875000, 207904
350, 350, 350, Helix_D5_simpleSRG1, 42875000, 325140
400, 400, 400, CubeFull_simpleSRG1, 64000000, 64000000
400, 400, 400, SphereFull_simpleSRG1, 64000000, 33507735
400, 400, 400, Helix_D1_simpleSRG1, 64000000, 14796
400, 400, 400, Helix_D2_simpleSRG1, 64000000, 59504
400, 400, 400, Helix_D3_simpleSRG1, 64000000, 134172
400, 400, 400, Helix_D4_simpleSRG1, 64000000, 238848
400, 400, 400, Helix_D5_simpleSRG1, 64000000, 373580
450, 450, 450, CubeFull_simpleSRG1, 91125000, 91125000
450, 450, 450, SphereFull_simpleSRG1, 91125000, 47709709
450, 450, 450, Helix_D1_simpleSRG1, 91125000, 16752
450, 450, 450, Helix_D2_simpleSRG1, 91125000, 67040
450, 450, 450, Helix_D3_simpleSRG1, 91125000, 150912
450, 450, 450, Helix_D4_simpleSRG1, 91125000, 268416
450, 450, 450, Helix_D5_simpleSRG1, 91125000, 419600
500, 500, 500, CubeFull_simpleSRG1, 125000000, 125000000
500, 500, 500, SphereFull_simpleSRG1, 125000000, 65446303
500, 500, 500, Helix_D1_simpleSRG1, 125000000, 18500
500, 500, 500, Helix_D2_simpleSRG1, 125000000, 74464
500, 500, 500, Helix_D3_simpleSRG1, 125000000, 167940
500, 500, 500, Helix_D4_simpleSRG1, 125000000, 298976
500, 500, 500, Helix_D5_simpleSRG1, 125000000, 467620
500, 500, 500, CubeFull_simpleSRG1, 125000000, 125000000
500, 500, 500, SphereFull_simpleSRG1, 125000000, 65446303
500, 500, 500, Helix_D1_simpleSRG1, 125000000, 18500
500, 500, 500, Helix_D2_simpleSRG1, 125000000, 74464
500, 500, 500, Helix_D3_simpleSRG1, 125000000, 167940
500, 500, 500, Helix_D4_simpleSRG1, 125000000, 298976
500, 500, 500, Helix_D5_simpleSRG1, 125000000, 467620
1600, 1600, 831, BoneMaskHigh_simpleSRG1, 2127360000, 140621268
600, 700, 834, Head of mouse_simpleSRG1, 350280000, 159090055
752, 465, 1418, Maus mit Draht_simpleSRG1, 495846240, 5138538
290, 211, 429, Skeleton_simpleSRG1, 26250510, 206976
600, 700, 834, Skull of mouse_simpleSRG1, 350280000, 13624866
200, 200, 200, CubeFull_simpleSRG1, 8000000, 8000000
200, 200, 200, SphereFull_simpleSRG1, 8000000, 4187707
200, 200, 200, Helix_D1_simpleSRG1, 8000000, 7260
200, 200, 200, Helix_D2_simpleSRG1, 8000000, 29360
200, 200, 200, Helix_D3_simpleSRG1, 8000000, 66348
200, 200, 200, Helix_D4_simpleSRG1, 8000000, 118272
200, 200, 200, Helix_D5_simpleSRG1, 8000000, 185180
250, 250, 250, CubeFull_simpleSRG1, 15625000, 15625000
250, 250, 250, SphereFull_simpleSRG1, 15625000, 8180137
250, 250, 250, Helix_D1_simpleSRG1, 15625000, 9216
250, 250, 250, Helix_D2_simpleSRG1, 15625000, 36896
250, 250, 250, Helix_D3_simpleSRG1, 15625000, 83088
250, 250, 250, Helix_D4_simpleSRG1, 15625000, 147840
250, 250, 250, Helix_D5_simpleSRG1, 15625000, 231200
300, 300, 300, CubeFull_simpleSRG1, 27000000, 27000000
300, 300, 300, SphereFull_simpleSRG1, 27000000, 14136887
300, 300, 300, Helix_D1_simpleSRG1, 27000000, 11032
300, 300, 300, Helix_D2_simpleSRG1, 27000000, 44448
300, 300, 300, Helix_D3_simpleSRG1, 27000000, 100296
300, 300, 300, Helix_D4_simpleSRG1, 27000000, 178624
300, 300, 300, Helix_D5_simpleSRG1, 27000000, 279480
350, 350, 350, CubeFull_simpleSRG1, 42875000, 42875000
350, 350, 350, SphereFull_simpleSRG1, 42875000, 22447577
350, 350, 350, Helix_D1_simpleSRG1, 42875000, 12916
350, 350, 350, Helix_D2_simpleSRG1, 42875000, 51840
350, 350, 350, Helix_D3_simpleSRG1, 42875000, 116820
350, 350, 350, Helix_D4_simpleSRG1, 42875000, 207904
350, 350, 350, Helix_D5_simpleSRG1, 42875000, 325140
400, 400, 400, CubeFull_simpleSRG1, 64000000, 64000000
400, 400, 400, SphereFull_simpleSRG1, 64000000, 33507735
400, 400, 400, Helix_D1_simpleSRG1, 64000000, 14796
400, 400, 400, Helix_D2_simpleSRG1, 64000000, 59504
400, 400, 400, Helix_D3_simpleSRG1, 64000000, 134172
400, 400, 400, Helix_D4_simpleSRG1, 64000000, 238848
400, 400, 400, Helix_D5_simpleSRG1, 64000000, 373580
450, 450, 450, CubeFull_simpleSRG1, 91125000, 91125000
450, 450, 450, SphereFull_simpleSRG1, 91125000, 47709709
450, 450, 450, Helix_D1_simpleSRG1, 91125000, 16752
450, 450, 450, Helix_D2_simpleSRG1, 91125000, 67040
450, 450, 450, Helix_D3_simpleSRG1, 91125000, 150912
450, 450, 450, Helix_D4_simpleSRG1, 91125000, 268416
450, 450, 450, Helix_D5_simpleSRG1, 91125000, 419600
500, 500, 500, CubeFull_simpleSRG1, 125000000, 125000000
500, 500, 500, SphereFull_simpleSRG1, 125000000, 65446303
500, 500, 500, Helix_D1_simpleSRG1, 125000000, 18500
500, 500, 500, Helix_D2_simpleSRG1, 125000000, 74464
500, 500, 500, Helix_D3_simpleSRG1, 125000000, 167940
500, 500, 500, Helix_D4_simpleSRG1, 125000000, 298976
500, 500, 500, Helix_D5_simpleSRG1, 125000000, 467620
500, 500, 500, CubeFull_simpleSRG1, 125000000, 125000000
500, 500, 500, SphereFull_simpleSRG1, 125000000, 65446303
500, 500, 500, Helix_D1_simpleSRG1, 125000000, 18500
500, 500, 500, Helix_D2_simpleSRG1, 125000000, 74464
500, 500, 500, Helix_D3_simpleSRG1, 125000000, 167940
500, 500, 500, Helix_D4_simpleSRG1, 125000000, 298976
500, 500, 500, Helix_D5_simpleSRG1, 125000000, 467620
500, 500, 500, CubeFull_simpleSRG1, 125000000, 125000000
500, 500, 500, SphereFull_simpleSRG1, 125000000, 65446303
500, 500, 500, Helix_D1_simpleSRG1, 125000000, 18500
500, 500, 500, Helix_D2_simpleSRG1, 125000000, 74464
500, 500, 500, Helix_D3_simpleSRG1, 125000000, 167940
500, 500, 500, Helix_D4_simpleSRG1, 125000000, 298976
500, 500, 500, Helix_D5_simpleSRG1, 125000000, 467620
500, 500, 500, CubeFull_simpleSRG1, 125000000, 125000000
500, 500, 500, SphereFull_simpleSRG1, 125000000, 65446303
500, 500, 500, Helix_D1_simpleSRG1, 125000000, 18500
500, 500, 500, Helix_D2_simpleSRG1, 125000000, 74464
500, 500, 500, Helix_D3_simpleSRG1, 125000000, 167940
500, 500, 500, Helix_D4_simpleSRG1, 125000000, 298976
500, 500, 500, Helix_D5_simpleSRG1, 125000000, 467620
500, 500, 500, CubeFull_simpleSRG1, 125000000, 125000000
500, 500, 500, SphereFull_simpleSRG1, 125000000, 65446303
500, 500, 500, Helix_D1_simpleSRG1, 125000000, 18500
500, 500, 500, Helix_D2_simpleSRG1, 125000000, 74464
500, 500, 500, Helix_D3_simpleSRG1, 125000000, 167940
500, 500, 500, Helix_D4_simpleSRG1, 125000000, 298976
500, 500, 500, Helix_D5_simpleSRG1, 125000000, 467620
500, 500, 500, CubeFull_simpleSRG1, 125000000, 125000000
500, 500, 500, SphereFull_simpleSRG1, 125000000, 65446303
500, 500, 500, Helix_D1_simpleSRG1, 125000000, 18500
500, 500, 500, Helix_D2_simpleSRG1, 125000000, 74464
500, 500, 500, Helix_D3_simpleSRG1, 125000000, 167940
500, 500, 500, Helix_D4_simpleSRG1, 125000000, 298976
500, 500, 500, Helix_D5_simpleSRG1, 125000000, 467620
500, 500, 500, CubeFull_simpleSRG1, 125000000, 125000000
500, 500, 500, SphereFull_simpleSRG1, 125000000, 65446303
500, 500, 500, Helix_D1_simpleSRG1, 125000000, 18500
500, 500, 500, Helix_D2_simpleSRG1, 125000000, 74464
500, 500, 500, Helix_D3_simpleSRG1, 125000000, 167940
500, 500, 500, Helix_D4_simpleSRG1, 125000000, 298976
500, 500, 500, Helix_D5_simpleSRG1, 125000000, 467620
1600, 1600, 831, BoneMaskHigh_simpleSRG1, 2127360000, 140621268
600, 700, 834, Head of mouse_simpleSRG1, 350280000, 159090055
752, 465, 1418, Maus mit Draht_simpleSRG1, 495846240, 5138538
290, 211, 429, Skeleton_simpleSRG1, 26250510, 206976
600, 700, 834, Skull of mouse_simpleSRG1, 350280000, 13624866
550, 550, 550, CubeFull_simpleSRG1, 166375000, 166375000
550, 550, 550, SphereFull_simpleSRG1, 166375000, 87109925
550, 550, 550, Helix_D1_simpleSRG1, 166375000, 20448
550, 550, 550, Helix_D2_simpleSRG1, 166375000, 81968
550, 550, 550, Helix_D3_simpleSRG1, 166375000, 184608
550, 550, 550, Helix_D4_simpleSRG1, 166375000, 328416
550, 550, 550, Helix_D5_simpleSRG1, 166375000, 513440
800, 800, 800, CubeFull_simpleSRG1, 512000000, 512000000
800, 800, 800, SphereFull_simpleSRG1, 512000000, 268077587
800, 800, 800, Helix_D1_simpleSRG1, 512000000, 29884
800, 800, 800, Helix_D2_simpleSRG1, 512000000, 119856
800, 800, 800, Helix_D3_simpleSRG1, 512000000, 269964
800, 800, 800, Helix_D4_simpleSRG1, 512000000, 480256
800, 800, 800, Helix_D5_simpleSRG1, 512000000, 750780
1600, 1600, 831, BoneMaskHigh_simpleSRG1, 2127360000, 140621268
600, 700, 834, Head of mouse_simpleSRG1, 350280000, 159090055
752, 465, 1418, Maus mit Draht_simpleSRG1, 495846240, 5138538
290, 211, 429, Skeleton_simpleSRG1, 26250510, 206976
600, 700, 834, Skull of mouse_simpleSRG1, 350280000, 13624866
550, 550, 550, CubeFull_simpleSRG1, 166375000, 166375000
550, 550, 550, SphereFull_simpleSRG1, 166375000, 87109925
550, 550, 550, Helix_D1_simpleSRG1, 166375000, 20448
550, 550, 550, Helix_D2_simpleSRG1, 166375000, 81968
550, 550, 550, Helix_D3_simpleSRG1, 166375000, 184608
550, 550, 550, Helix_D4_simpleSRG1, 166375000, 328416
550, 550, 550, Helix_D5_simpleSRG1, 166375000, 513440
800, 800, 800, CubeFull_simpleSRG1, 512000000, 512000000
800, 800, 800, SphereFull_simpleSRG1, 512000000, 268077587
800, 800, 800, Helix_D1_simpleSRG1, 512000000, 29884
800, 800, 800, Helix_D2_simpleSRG1, 512000000, 119856
800, 800, 800, Helix_D3_simpleSRG1, 512000000, 269964
800, 800, 800, Helix_D4_simpleSRG1, 512000000, 480256
800, 800, 800, Helix_D5_simpleSRG1, 512000000, 750780
1600, 1600, 831, BoneMaskHigh_simpleSRG1, 2127360000, 140621268
600, 700, 834, Head of mouse_simpleSRG1, 350280000, 159090055
752, 465, 1418, Maus mit Draht_simpleSRG1, 495846240, 5138538
290, 211, 429, Skeleton_simpleSRG1, 26250510, 206976
600, 700, 834, Skull of mouse_simpleSRG1, 350280000, 13624866
200, 200, 200, CubeFull_simpleSRG1, 8000000, 8000000
200, 200, 200, SphereFull_simpleSRG1, 8000000, 4187707
200, 200, 200, Helix_D1_simpleSRG1, 8000000, 7260
200, 200, 200, Helix_D2_simpleSRG1, 8000000, 29360
200, 200, 200, Helix_D3_simpleSRG1, 8000000, 66348
200, 200, 200, Helix_D4_simpleSRG1, 8000000, 118272
200, 200, 200, Helix_D5_simpleSRG1, 8000000, 185180
250, 250, 250, CubeFull_simpleSRG1, 15625000, 15625000
250, 250, 250, SphereFull_simpleSRG1, 15625000, 8180137
250, 250, 250, Helix_D1_simpleSRG1, 15625000, 9216
250, 250, 250, Helix_D2_simpleSRG1, 15625000, 36896
250, 250, 250, Helix_D3_simpleSRG1, 15625000, 83088
250, 250, 250, Helix_D4_simpleSRG1, 15625000, 147840
250, 250, 250, Helix_D5_simpleSRG1, 15625000, 231200
300, 300, 300, CubeFull_simpleSRG1, 27000000, 27000000
300, 300, 300, SphereFull_simpleSRG1, 27000000, 14136887
300, 300, 300, Helix_D1_simpleSRG1, 27000000, 11032
300, 300, 300, Helix_D2_simpleSRG1, 27000000, 44448
300, 300, 300, Helix_D3_simpleSRG1, 27000000, 100296
300, 300, 300, Helix_D4_simpleSRG1, 27000000, 178624
300, 300, 300, Helix_D5_simpleSRG1, 27000000, 279480
350, 350, 350, CubeFull_simpleSRG1, 42875000, 42875000
350, 350, 350, SphereFull_simpleSRG1, 42875000, 22447577
350, 350, 350, Helix_D1_simpleSRG1, 42875000, 12916
350, 350, 350, Helix_D2_simpleSRG1, 42875000, 51840
350, 350, 350, Helix_D3_simpleSRG1, 42875000, 116820
350, 350, 350, Helix_D4_simpleSRG1, 42875000, 207904
350, 350, 350, Helix_D5_simpleSRG1, 42875000, 325140
400, 400, 400, CubeFull_simpleSRG1, 64000000, 64000000
400, 400, 400, SphereFull_simpleSRG1, 64000000, 33507735
400, 400, 400, Helix_D1_simpleSRG1, 64000000, 14796
400, 400, 400, Helix_D2_simpleSRG1, 64000000, 59504
400, 400, 400, Helix_D3_simpleSRG1, 64000000, 134172
400, 400, 400, Helix_D4_simpleSRG1, 64000000, 238848
400, 400, 400, Helix_D5_simpleSRG1, 64000000, 373580
450, 450, 450, CubeFull_simpleSRG1, 91125000, 91125000
450, 450, 450, SphereFull_simpleSRG1, 91125000, 47709709
450, 450, 450, Helix_D1_simpleSRG1, 91125000, 16752
450, 450, 450, Helix_D2_simpleSRG1, 91125000, 67040
450, 450, 450, Helix_D3_simpleSRG1, 91125000, 150912
450, 450, 450, Helix_D4_simpleSRG1, 91125000, 268416
450, 450, 450, Helix_D5_simpleSRG1, 91125000, 419600
500, 500, 500, CubeFull_simpleSRG1, 125000000, 125000000
500, 500, 500, SphereFull_simpleSRG1, 125000000, 65446303
500, 500, 500, Helix_D1_simpleSRG1, 125000000, 18500
500, 500, 500, Helix_D2_simpleSRG1, 125000000, 74464
500, 500, 500, Helix_D3_simpleSRG1, 125000000, 167940
500, 500, 500, Helix_D4_simpleSRG1, 125000000, 298976
500, 500, 500, Helix_D5_simpleSRG1, 125000000, 467620
550, 550, 550, CubeFull_simpleSRG1, 166375000, 166375000
550, 550, 550, SphereFull_simpleSRG1, 166375000, 87109925
550, 550, 550, Helix_D1_simpleSRG1, 166375000, 20448
550, 550, 550, Helix_D2_simpleSRG1, 166375000, 81968
550, 550, 550, Helix_D3_simpleSRG1, 166375000, 184608
550, 550, 550, Helix_D4_simpleSRG1, 166375000, 328416
550, 550, 550, Helix_D5_simpleSRG1, 166375000, 513440
600, 600, 600, CubeFull_simpleSRG1, 216000000, 216000000
600, 600, 600, SphereFull_simpleSRG1, 216000000, 113093795
600, 600, 600, Helix_D1_simpleSRG1, 216000000, 22340
600, 600, 600, Helix_D2_simpleSRG1, 216000000, 89680
600, 600, 600, Helix_D3_simpleSRG1, 216000000, 202068
600, 600, 600, Helix_D4_simpleSRG1, 216000000, 359552
600, 600, 600, Helix_D5_simpleSRG1, 216000000, 562180
650, 650, 650, CubeFull_simpleSRG1, 274625000, 274625000
650, 650, 650, SphereFull_simpleSRG1, 274625000, 143786613
650, 650, 650, Helix_D1_simpleSRG1, 274625000, 24296
650, 650, 650, Helix_D2_simpleSRG1, 274625000, 97216
650, 650, 650, Helix_D3_simpleSRG1, 274625000, 218808
650, 650, 650, Helix_D4_simpleSRG1, 274625000, 389120
650, 650, 650, Helix_D5_simpleSRG1, 274625000, 608200
700, 700, 700, CubeFull_simpleSRG1, 343000000, 343000000
700, 700, 700, SphereFull_simpleSRG1, 343000000, 179591043
700, 700, 700, Helix_D1_simpleSRG1, 343000000, 26136
700, 700, 700, Helix_D2_simpleSRG1, 343000000, 104864
700, 700, 700, Helix_D3_simpleSRG1, 343000000, 236232
700, 700, 700, Helix_D4_simpleSRG1, 343000000, 420288
700, 700, 700, Helix_D5_simpleSRG1, 343000000, 657080
750, 750, 750, CubeFull_simpleSRG1, 421875000, 421875000
750, 750, 750, SphereFull_simpleSRG1, 421875000, 220890361
750, 750, 750, Helix_D1_simpleSRG1, 421875000, 28000
750, 750, 750, Helix_D2_simpleSRG1, 421875000, 112176
750, 750, 750, Helix_D3_simpleSRG1, 421875000, 252576
750, 750, 750, Helix_D4_simpleSRG1, 421875000, 449248
750, 750, 750, Helix_D5_simpleSRG1, 421875000, 702240
800, 800, 800, CubeFull_simpleSRG1, 512000000, 512000000
800, 800, 800, SphereFull_simpleSRG1, 512000000, 268077587
800, 800, 800, Helix_D1_simpleSRG1, 512000000, 29884
800, 800, 800, Helix_D2_simpleSRG1, 512000000, 119856
800, 800, 800, Helix_D3_simpleSRG1, 512000000, 269964
800, 800, 800, Helix_D4_simpleSRG1, 512000000, 480256
800, 800, 800, Helix_D5_simpleSRG1, 512000000, 750780
